moveL 0.001 0.002 0.005 1 0 0 0
tare
loadZ
forceCtrlZ 0.001 0.002 0.0 1 0 0 0
forceCtrlZ 0.001 0.002 1.6 1 0 0 0
forceCtrlZ 0.001 0.002 3.2 1 0 0 0
forceCtrlZ 0.001 0.002 4.800000000000001 1 0 0 0
forceCtrlZ 0.001 0.002 6.4 1 0 0 0
forceCtrlZ 0.001 0.002 8.0 1 0 0 0
forceCtrlZ 0.001 0.002 9.6 1 0 0 0
forceCtrlZ 0.001 0.002 11.2 1 0 0 0
forceCtrlZ 0.001 0.002 12.799999999999999 1 0 0 0
forceCtrlZ 0.001 0.002 14.399999999999999 1 0 0 0
forceCtrlZ 0.001 0.002 15.999999999999998 1 0 0 0
forceCtrlZ 0.001 0.002 17.599999999999998 1 0 0 0
forceCtrlZ 0.001 0.002 19.2 1 0 0 0
forceCtrlZ 0.001 0.002 20.8 1 0 0 0
forceCtrlZ 0.001 0.002 22.400000000000002 1 0 0 0
forceCtrlZ 0.001 0.002 24.000000000000004 1 0 0 0
forceCtrlZ 0.001 0.002 25.600000000000005 1 0 0 0
forceCtrlZ 0.001 0.002 27.200000000000006 1 0 0 0
forceCtrlZ 0.001 0.002 28.800000000000008 1 0 0 0
forceCtrlZ 0.001 0.002 30.40000000000001 1 0 0 0
forceCtrlZ 0.001 0.002 32.00000000000001 1 0 0 0
forceCtrlZ 0.001 0.002 33.60000000000001 1 0 0 0
forceCtrlZ 0.001 0.002 35.20000000000001 1 0 0 0
forceCtrlZ 0.001 0.002 36.80000000000001 1 0 0 0
forceCtrlZ 0.001 0.002 38.40000000000001 1 0 0 0
forceCtrlZ 0.001 0.002 40.000000000000014 1 0 0 0
forceCtrlZ 0.001 0.002 41.600000000000016 1 0 0 0
forceCtrlZ 0.001 0.002 43.20000000000002 1 0 0 0
forceCtrlZ 0.001 0.002 44.80000000000002 1 0 0 0
forceCtrlZ 0.001 0.002 46.40000000000002 1 0 0 0
forceCtrlZ 0.001 0.002 48.00000000000002 1 0 0 0
forceCtrlZ 0.001 0.002 49.60000000000002 1 0 0 0
forceCtrlZ 0.001 0.002 51.200000000000024 1 0 0 0
forceCtrlZ 0.001 0.002 52.800000000000026 1 0 0 0
forceCtrlZ 0.001 0.002 54.40000000000003 1 0 0 0
forceCtrlZ 0.001 0.002 56.00000000000003 1 0 0 0
forceCtrlZ 0.001 0.002 57.60000000000003 1 0 0 0
forceCtrlZ 0.001 0.002 59.20000000000003 1 0 0 0
forceCtrlZ 0.001 0.002 60.80000000000003 1 0 0 0
forceCtrlZ 0.001 0.002 62.400000000000034 1 0 0 0
forceCtrlZ 0.001 0.002 64.00000000000003 1 0 0 0
forceCtrlZ 0.001 0.002 65.60000000000002 1 0 0 0
forceCtrlZ 0.001 0.002 67.20000000000002 1 0 0 0
forceCtrlZ 0.001 0.002 68.80000000000001 1 0 0 0
forceCtrlZ 0.001 0.002 70.4 1 0 0 0
forceCtrlZ 0.001 0.002 72.0 1 0 0 0
forceCtrlZ 0.001 0.002 73.6 1 0 0 0
forceCtrlZ 0.001 0.002 75.19999999999999 1 0 0 0
forceCtrlZ 0.001 0.002 76.79999999999998 1 0 0 0
forceCtrlZ 0.001 0.002 78.39999999999998 1 0 0 0
forceCtrlZ 0.001 0.002 79.99999999999997 1 0 0 0
forceCtrlZ 0.001 0.002 81.59999999999997 1 0 0 0
forceCtrlZ 0.001 0.002 83.19999999999996 1 0 0 0
forceCtrlZ 0.001 0.002 84.79999999999995 1 0 0 0
forceCtrlZ 0.001 0.002 86.39999999999995 1 0 0 0
forceCtrlZ 0.001 0.002 87.99999999999994 1 0 0 0
forceCtrlZ 0.001 0.002 89.59999999999994 1 0 0 0
forceCtrlZ 0.001 0.002 91.19999999999993 1 0 0 0
forceCtrlZ 0.001 0.002 92.79999999999993 1 0 0 0
forceCtrlZ 0.001 0.002 94.39999999999992 1 0 0 0
forceCtrlZ 0.001 0.002 95.99999999999991 1 0 0 0
forceCtrlZ 0.001 0.002 97.59999999999991 1 0 0 0
forceCtrlZ 0.001 0.002 99.1999999999999 1 0 0 0
forceCtrlZ 0.001 0.002 100.7999999999999 1 0 0 0
forceCtrlZ 0.001 0.002 102.39999999999989 1 0 0 0
forceCtrlZ 0.001 0.002 103.99999999999989 1 0 0 0
forceCtrlZ 0.001 0.002 105.59999999999988 1 0 0 0
forceCtrlZ 0.001 0.002 107.19999999999987 1 0 0 0
forceCtrlZ 0.001 0.002 108.79999999999987 1 0 0 0
forceCtrlZ 0.001 0.002 110.39999999999986 1 0 0 0
forceCtrlZ 0.001 0.002 111.99999999999986 1 0 0 0
forceCtrlZ 0.001 0.002 113.59999999999985 1 0 0 0
forceCtrlZ 0.001 0.002 115.19999999999985 1 0 0 0
forceCtrlZ 0.001 0.002 116.79999999999984 1 0 0 0
forceCtrlZ 0.001 0.002 118.39999999999984 1 0 0 0
forceCtrlZ 0.001 0.002 119.99999999999983 1 0 0 0
forceCtrlZ 0.001 0.002 121.59999999999982 1 0 0 0
forceCtrlZ 0.001 0.002 123.19999999999982 1 0 0 0
forceCtrlZ 0.001 0.002 124.79999999999981 1 0 0 0
forceCtrlZ 0.001 0.002 126.3999999999998 1 0 0 0
forceCtrlZ 0.001 0.002 127.9999999999998 1 0 0 0
forceCtrlZ 0.001 0.002 129.5999999999998 1 0 0 0
forceCtrlZ 0.001 0.002 131.1999999999998 1 0 0 0
forceCtrlZ 0.001 0.002 132.79999999999978 1 0 0 0
forceCtrlZ 0.001 0.002 134.39999999999978 1 0 0 0
forceCtrlZ 0.001 0.002 135.99999999999977 1 0 0 0
forceCtrlZ 0.001 0.002 137.59999999999977 1 0 0 0
forceCtrlZ 0.001 0.002 139.19999999999976 1 0 0 0
forceCtrlZ 0.001 0.002 140.79999999999976 1 0 0 0
forceCtrlZ 0.001 0.002 142.39999999999975 1 0 0 0
forceCtrlZ 0.001 0.002 143.99999999999974 1 0 0 0
forceCtrlZ 0.001 0.002 145.59999999999974 1 0 0 0
forceCtrlZ 0.001 0.002 147.19999999999973 1 0 0 0
forceCtrlZ 0.001 0.002 148.79999999999973 1 0 0 0
forceCtrlZ 0.001 0.002 150.39999999999972 1 0 0 0
forceCtrlZ 0.001 0.002 151.99999999999972 1 0 0 0
forceCtrlZ 0.001 0.002 153.5999999999997 1 0 0 0
forceCtrlZ 0.001 0.002 155.1999999999997 1 0 0 0
forceCtrlZ 0.001 0.002 156.7999999999997 1 0 0 0
forceCtrlZ 0.001 0.002 158.3999999999997 1 0 0 0
forceCtrlZ 0.001 0.002 159.9999999999997 1 0 0 0
forceCtrlZ 0.001 0.002 161.59999999999968 1 0 0 0
forceCtrlZ 0.001 0.002 163.19999999999968 1 0 0 0
forceCtrlZ 0.001 0.002 164.79999999999967 1 0 0 0
forceCtrlZ 0.001 0.002 166.39999999999966 1 0 0 0
forceCtrlZ 0.001 0.002 167.99999999999966 1 0 0 0
forceCtrlZ 0.001 0.002 169.59999999999965 1 0 0 0
forceCtrlZ 0.001 0.002 171.19999999999965 1 0 0 0
forceCtrlZ 0.001 0.002 172.79999999999964 1 0 0 0
forceCtrlZ 0.001 0.002 174.39999999999964 1 0 0 0
forceCtrlZ 0.001 0.002 175.99999999999963 1 0 0 0
forceCtrlZ 0.001 0.002 177.59999999999962 1 0 0 0
forceCtrlZ 0.001 0.002 179.19999999999962 1 0 0 0
forceCtrlZ 0.001 0.002 180.7999999999996 1 0 0 0
forceCtrlZ 0.001 0.002 182.3999999999996 1 0 0 0
forceCtrlZ 0.001 0.002 183.9999999999996 1 0 0 0
forceCtrlZ 0.001 0.002 185.5999999999996 1 0 0 0
forceCtrlZ 0.001 0.002 187.1999999999996 1 0 0 0
forceCtrlZ 0.001 0.002 188.79999999999959 1 0 0 0
forceCtrlZ 0.001 0.002 190.39999999999958 1 0 0 0
forceCtrlZ 0.001 0.002 191.99999999999957 1 0 0 0
forceCtrlZ 0.001 0.002 193.59999999999957 1 0 0 0
forceCtrlZ 0.001 0.002 195.19999999999956 1 0 0 0
forceCtrlZ 0.001 0.002 196.79999999999956 1 0 0 0
forceCtrlZ 0.001 0.002 198.39999999999955 1 0 0 0
forceCtrlZ 0.001 0.002 199.99999999999955 1 0 0 0
forceCtrlZ 0.001 0.002 201.59999999999954 1 0 0 0
forceCtrlZ 0.001 0.002 203.19999999999953 1 0 0 0
forceCtrlZ 0.001 0.002 204.79999999999953 1 0 0 0
forceCtrlZ 0.001 0.002 206.39999999999952 1 0 0 0
forceCtrlZ 0.001 0.002 207.99999999999952 1 0 0 0
forceCtrlZ 0.001 0.002 209.5999999999995 1 0 0 0
forceCtrlZ 0.001 0.002 211.1999999999995 1 0 0 0
forceCtrlZ 0.001 0.002 212.7999999999995 1 0 0 0
forceCtrlZ 0.001 0.002 214.3999999999995 1 0 0 0
forceCtrlZ 0.001 0.002 215.9999999999995 1 0 0 0
forceCtrlZ 0.001 0.002 217.59999999999948 1 0 0 0
forceCtrlZ 0.001 0.002 219.19999999999948 1 0 0 0
forceCtrlZ 0.001 0.002 220.79999999999947 1 0 0 0
forceCtrlZ 0.001 0.002 222.39999999999947 1 0 0 0
forceCtrlZ 0.001 0.002 223.99999999999946 1 0 0 0
forceCtrlZ 0.001 0.002 225.59999999999945 1 0 0 0
forceCtrlZ 0.001 0.002 227.19999999999945 1 0 0 0
forceCtrlZ 0.001 0.002 228.79999999999944 1 0 0 0
forceCtrlZ 0.001 0.002 230.39999999999944 1 0 0 0
forceCtrlZ 0.001 0.002 231.99999999999943 1 0 0 0
forceCtrlZ 0.001 0.002 233.59999999999943 1 0 0 0
forceCtrlZ 0.001 0.002 235.19999999999942 1 0 0 0
forceCtrlZ 0.001 0.002 236.79999999999941 1 0 0 0
forceCtrlZ 0.001 0.002 238.3999999999994 1 0 0 0
forceCtrlZ 0.001 0.002 239.9999999999994 1 0 0 0
forceCtrlZ 0.001 0.002 241.5999999999994 1 0 0 0
forceCtrlZ 0.001 0.002 243.1999999999994 1 0 0 0
forceCtrlZ 0.001 0.002 244.7999999999994 1 0 0 0
forceCtrlZ 0.001 0.002 246.39999999999938 1 0 0 0
forceCtrlZ 0.001 0.002 247.99999999999937 1 0 0 0
forceCtrlZ 0.001 0.002 249.59999999999937 1 0 0 0
forceCtrlZ 0.001 0.002 251.19999999999936 1 0 0 0
forceCtrlZ 0.001 0.002 252.79999999999936 1 0 0 0
forceCtrlZ 0.001 0.002 254.39999999999935 1 0 0 0
forceCtrlZ 0.001 0.002 255.99999999999935 1 0 0 0
forceCtrlZ 0.001 0.002 257.59999999999934 1 0 0 0
forceCtrlZ 0.001 0.002 259.19999999999936 1 0 0 0
forceCtrlZ 0.001 0.002 260.7999999999994 1 0 0 0
forceCtrlZ 0.001 0.002 262.3999999999994 1 0 0 0
forceCtrlZ 0.001 0.002 263.99999999999943 1 0 0 0
forceCtrlZ 0.001 0.002 265.59999999999945 1 0 0 0
forceCtrlZ 0.001 0.002 267.1999999999995 1 0 0 0
forceCtrlZ 0.001 0.002 268.7999999999995 1 0 0 0
forceCtrlZ 0.001 0.002 270.3999999999995 1 0 0 0
forceCtrlZ 0.001 0.002 271.99999999999955 1 0 0 0
forceCtrlZ 0.001 0.002 273.59999999999957 1 0 0 0
forceCtrlZ 0.001 0.002 275.1999999999996 1 0 0 0
forceCtrlZ 0.001 0.002 276.7999999999996 1 0 0 0
forceCtrlZ 0.001 0.002 278.39999999999964 1 0 0 0
forceCtrlZ 0.001 0.002 279.99999999999966 1 0 0 0
forceCtrlZ 0.001 0.002 281.5999999999997 1 0 0 0
forceCtrlZ 0.001 0.002 283.1999999999997 1 0 0 0
forceCtrlZ 0.001 0.002 284.7999999999997 1 0 0 0
forceCtrlZ 0.001 0.002 286.39999999999975 1 0 0 0
forceCtrlZ 0.001 0.002 287.9999999999998 1 0 0 0
forceCtrlZ 0.001 0.002 289.5999999999998 1 0 0 0
forceCtrlZ 0.001 0.002 291.1999999999998 1 0 0 0
forceCtrlZ 0.001 0.002 292.79999999999984 1 0 0 0
forceCtrlZ 0.001 0.002 294.39999999999986 1 0 0 0
forceCtrlZ 0.001 0.002 295.9999999999999 1 0 0 0
forceCtrlZ 0.001 0.002 297.5999999999999 1 0 0 0
forceCtrlZ 0.001 0.002 299.19999999999993 1 0 0 0
forceCtrlZ 0.001 0.002 300.79999999999995 1 0 0 0
forceCtrlZ 0.001 0.002 302.4 1 0 0 0
forceCtrlZ 0.001 0.002 304.0 1 0 0 0
forceCtrlZ 0.001 0.002 305.6 1 0 0 0
forceCtrlZ 0.001 0.002 307.20000000000005 1 0 0 0
forceCtrlZ 0.001 0.002 308.80000000000007 1 0 0 0
forceCtrlZ 0.001 0.002 310.4000000000001 1 0 0 0
forceCtrlZ 0.001 0.002 312.0000000000001 1 0 0 0
forceCtrlZ 0.001 0.002 313.60000000000014 1 0 0 0
forceCtrlZ 0.001 0.002 315.20000000000016 1 0 0 0
forceCtrlZ 0.001 0.002 316.8000000000002 1 0 0 0
forceCtrlZ 0.001 0.002 318.4000000000002 1 0 0 0
forceCtrlZ 0.001 0.002 320.0000000000002 1 0 0 0
forceCtrlZ 0.001 0.002 321.60000000000025 1 0 0 0
forceCtrlZ 0.001 0.002 323.2000000000003 1 0 0 0
forceCtrlZ 0.001 0.002 324.8000000000003 1 0 0 0
forceCtrlZ 0.001 0.002 326.4000000000003 1 0 0 0
forceCtrlZ 0.001 0.002 328.00000000000034 1 0 0 0
forceCtrlZ 0.001 0.002 329.60000000000036 1 0 0 0
forceCtrlZ 0.001 0.002 331.2000000000004 1 0 0 0
forceCtrlZ 0.001 0.002 332.8000000000004 1 0 0 0
forceCtrlZ 0.001 0.002 334.40000000000043 1 0 0 0
forceCtrlZ 0.001 0.002 336.00000000000045 1 0 0 0
forceCtrlZ 0.001 0.002 337.6000000000005 1 0 0 0
forceCtrlZ 0.001 0.002 339.2000000000005 1 0 0 0
forceCtrlZ 0.001 0.002 340.8000000000005 1 0 0 0
forceCtrlZ 0.001 0.002 342.40000000000055 1 0 0 0
forceCtrlZ 0.001 0.002 344.00000000000057 1 0 0 0
forceCtrlZ 0.001 0.002 345.6000000000006 1 0 0 0
forceCtrlZ 0.001 0.002 347.2000000000006 1 0 0 0
forceCtrlZ 0.001 0.002 348.80000000000064 1 0 0 0
forceCtrlZ 0.001 0.002 350.40000000000066 1 0 0 0
forceCtrlZ 0.001 0.002 352.0000000000007 1 0 0 0
forceCtrlZ 0.001 0.002 353.6000000000007 1 0 0 0
forceCtrlZ 0.001 0.002 355.2000000000007 1 0 0 0
forceCtrlZ 0.001 0.002 356.80000000000075 1 0 0 0
forceCtrlZ 0.001 0.002 358.4000000000008 1 0 0 0
forceCtrlZ 0.001 0.002 360.0000000000008 1 0 0 0
forceCtrlZ 0.001 0.002 361.6000000000008 1 0 0 0
forceCtrlZ 0.001 0.002 363.20000000000084 1 0 0 0
forceCtrlZ 0.001 0.002 364.80000000000086 1 0 0 0
forceCtrlZ 0.001 0.002 366.4000000000009 1 0 0 0
forceCtrlZ 0.001 0.002 368.0000000000009 1 0 0 0
forceCtrlZ 0.001 0.002 369.60000000000093 1 0 0 0
forceCtrlZ 0.001 0.002 371.20000000000095 1 0 0 0
forceCtrlZ 0.001 0.002 372.800000000001 1 0 0 0
forceCtrlZ 0.001 0.002 374.400000000001 1 0 0 0
forceCtrlZ 0.001 0.002 376.000000000001 1 0 0 0
forceCtrlZ 0.001 0.002 377.60000000000105 1 0 0 0
forceCtrlZ 0.001 0.002 379.20000000000107 1 0 0 0
forceCtrlZ 0.001 0.002 380.8000000000011 1 0 0 0
forceCtrlZ 0.001 0.002 382.4000000000011 1 0 0 0
forceCtrlZ 0.001 0.002 384.00000000000114 1 0 0 0
forceCtrlZ 0.001 0.002 385.60000000000116 1 0 0 0
forceCtrlZ 0.001 0.002 387.2000000000012 1 0 0 0
forceCtrlZ 0.001 0.002 388.8000000000012 1 0 0 0
forceCtrlZ 0.001 0.002 390.4000000000012 1 0 0 0
forceCtrlZ 0.001 0.002 392.00000000000125 1 0 0 0
forceCtrlZ 0.001 0.002 393.6000000000013 1 0 0 0
forceCtrlZ 0.001 0.002 395.2000000000013 1 0 0 0
forceCtrlZ 0.001 0.002 396.8000000000013 1 0 0 0
forceCtrlZ 0.001 0.002 398.40000000000134 1 0 0 0
forceCtrlZ 0.001 0.002 400.00000000000136 1 0 0 0
forceCtrlZ 0.001 0.002 401.6000000000014 1 0 0 0
forceCtrlZ 0.001 0.002 403.2000000000014 1 0 0 0
forceCtrlZ 0.001 0.002 404.80000000000143 1 0 0 0
forceCtrlZ 0.001 0.002 406.40000000000146 1 0 0 0
forceCtrlZ 0.001 0.002 408.0000000000015 1 0 0 0
forceCtrlZ 0.001 0.002 409.6000000000015 1 0 0 0
forceCtrlZ 0.001 0.002 411.2000000000015 1 0 0 0
forceCtrlZ 0.001 0.002 412.80000000000155 1 0 0 0
forceCtrlZ 0.001 0.002 414.40000000000157 1 0 0 0
forceCtrlZ 0.001 0.002 416.0000000000016 1 0 0 0
forceCtrlZ 0.001 0.002 417.6000000000016 1 0 0 0
forceCtrlZ 0.001 0.002 419.20000000000164 1 0 0 0
forceCtrlZ 0.001 0.002 420.80000000000166 1 0 0 0
forceCtrlZ 0.001 0.002 422.4000000000017 1 0 0 0
forceCtrlZ 0.001 0.002 424.0000000000017 1 0 0 0
forceCtrlZ 0.001 0.002 425.6000000000017 1 0 0 0
forceCtrlZ 0.001 0.002 427.20000000000175 1 0 0 0
forceCtrlZ 0.001 0.002 428.8000000000018 1 0 0 0
forceCtrlZ 0.001 0.002 430.4000000000018 1 0 0 0
forceCtrlZ 0.001 0.002 432.0000000000018 1 0 0 0
forceCtrlZ 0.001 0.002 433.60000000000184 1 0 0 0
forceCtrlZ 0.001 0.002 435.20000000000186 1 0 0 0
forceCtrlZ 0.001 0.002 436.8000000000019 1 0 0 0
forceCtrlZ 0.001 0.002 438.4000000000019 1 0 0 0
forceCtrlZ 0.001 0.002 440.00000000000193 1 0 0 0
forceCtrlZ 0.001 0.002 441.60000000000196 1 0 0 0
forceCtrlZ 0.001 0.002 443.200000000002 1 0 0 0
forceCtrlZ 0.001 0.002 444.800000000002 1 0 0 0
forceCtrlZ 0.001 0.002 446.400000000002 1 0 0 0
forceCtrlZ 0.001 0.002 448.00000000000205 1 0 0 0
forceCtrlZ 0.001 0.002 449.60000000000207 1 0 0 0
forceCtrlZ 0.001 0.002 451.2000000000021 1 0 0 0
forceCtrlZ 0.001 0.002 452.8000000000021 1 0 0 0
forceCtrlZ 0.001 0.002 454.40000000000214 1 0 0 0
forceCtrlZ 0.001 0.002 456.00000000000216 1 0 0 0
forceCtrlZ 0.001 0.002 457.6000000000022 1 0 0 0
forceCtrlZ 0.001 0.002 459.2000000000022 1 0 0 0
forceCtrlZ 0.001 0.002 460.8000000000022 1 0 0 0
forceCtrlZ 0.001 0.002 462.40000000000225 1 0 0 0
forceCtrlZ 0.001 0.002 464.0000000000023 1 0 0 0
forceCtrlZ 0.001 0.002 465.6000000000023 1 0 0 0
forceCtrlZ 0.001 0.002 467.2000000000023 1 0 0 0
forceCtrlZ 0.001 0.002 468.80000000000234 1 0 0 0
forceCtrlZ 0.001 0.002 470.40000000000236 1 0 0 0
forceCtrlZ 0.001 0.002 472.0000000000024 1 0 0 0
forceCtrlZ 0.001 0.002 473.6000000000024 1 0 0 0
forceCtrlZ 0.001 0.002 475.20000000000243 1 0 0 0
forceCtrlZ 0.001 0.002 476.80000000000246 1 0 0 0
forceCtrlZ 0.001 0.002 478.4000000000025 1 0 0 0
forceCtrlZ 0.001 0.002 480.0000000000025 1 0 0 0
forceCtrlZ 0.001 0.002 481.6000000000025 1 0 0 0
forceCtrlZ 0.001 0.002 483.20000000000255 1 0 0 0
forceCtrlZ 0.001 0.002 484.80000000000257 1 0 0 0
forceCtrlZ 0.001 0.002 486.4000000000026 1 0 0 0
forceCtrlZ 0.001 0.002 488.0000000000026 1 0 0 0
forceCtrlZ 0.001 0.002 489.60000000000264 1 0 0 0
forceCtrlZ 0.001 0.002 491.20000000000266 1 0 0 0
forceCtrlZ 0.001 0.002 492.8000000000027 1 0 0 0
forceCtrlZ 0.001 0.002 494.4000000000027 1 0 0 0
forceCtrlZ 0.001 0.002 496.00000000000273 1 0 0 0
forceCtrlZ 0.001 0.002 497.60000000000275 1 0 0 0
forceCtrlZ 0.001 0.002 499.2000000000028 1 0 0 0
forceCtrlZ 0.001 0.002 500.0 1 0 0 0
forceCtrlZ 0.001 0.002 501.43884892086334 1 0 0 0
forceCtrlZ 0.001 0.002 504.31654676258995 1 0 0 0
forceCtrlZ 0.001 0.002 507.9136690647482 1 0 0 0
forceCtrlZ 0.001 0.002 511.51079136690646 1 0 0 0
forceCtrlZ 0.001 0.002 515.1079136690647 1 0 0 0
forceCtrlZ 0.001 0.002 518.705035971223 1 0 0 0
forceCtrlZ 0.001 0.002 522.3021582733812 1 0 0 0
forceCtrlZ 0.001 0.002 525.8992805755395 1 0 0 0
forceCtrlZ 0.001 0.002 529.4964028776977 1 0 0 0
forceCtrlZ 0.001 0.002 533.093525179856 1 0 0 0
forceCtrlZ 0.001 0.002 536.6906474820142 1 0 0 0
forceCtrlZ 0.001 0.002 540.2877697841725 1 0 0 0
forceCtrlZ 0.001 0.002 543.8848920863309 1 0 0 0
forceCtrlZ 0.001 0.002 547.4820143884891 1 0 0 0
forceCtrlZ 0.001 0.002 551.0791366906474 1 0 0 0
forceCtrlZ 0.001 0.002 554.6762589928056 1 0 0 0
forceCtrlZ 0.001 0.002 558.2733812949639 1 0 0 0
forceCtrlZ 0.001 0.002 561.8705035971221 1 0 0 0
forceCtrlZ 0.001 0.002 565.4676258992804 1 0 0 0
forceCtrlZ 0.001 0.002 569.0647482014386 1 0 0 0
forceCtrlZ 0.001 0.002 572.6618705035969 1 0 0 0
forceCtrlZ 0.001 0.002 576.2589928057553 1 0 0 0
forceCtrlZ 0.001 0.002 579.8561151079135 1 0 0 0
forceCtrlZ 0.001 0.002 583.4532374100718 1 0 0 0
forceCtrlZ 0.001 0.002 587.05035971223 1 0 0 0
forceCtrlZ 0.001 0.002 590.6474820143883 1 0 0 0
forceCtrlZ 0.001 0.002 594.2446043165464 1 0 0 0
forceCtrlZ 0.001 0.002 597.8417266187048 1 0 0 0
forceCtrlZ 0.001 0.002 601.438848920863 1 0 0 0
forceCtrlZ 0.001 0.002 605.0359712230213 1 0 0 0
forceCtrlZ 0.001 0.002 608.6330935251796 1 0 0 0
forceCtrlZ 0.001 0.002 612.2302158273378 1 0 0 0
forceCtrlZ 0.001 0.002 615.8273381294962 1 0 0 0
forceCtrlZ 0.001 0.002 619.4244604316543 1 0 0 0
forceCtrlZ 0.001 0.002 623.0215827338127 1 0 0 0
forceCtrlZ 0.001 0.002 626.6187050359708 1 0 0 0
forceCtrlZ 0.001 0.002 630.2158273381292 1 0 0 0
forceCtrlZ 0.001 0.002 633.8129496402873 1 0 0 0
forceCtrlZ 0.001 0.002 637.4100719424457 1 0 0 0
forceCtrlZ 0.001 0.002 641.0071942446039 1 0 0 0
forceCtrlZ 0.001 0.002 644.6043165467622 1 0 0 0
forceCtrlZ 0.001 0.002 648.2014388489205 1 0 0 0
forceCtrlZ 0.001 0.002 651.7985611510787 1 0 0 0
forceCtrlZ 0.001 0.002 655.3956834532371 1 0 0 0
forceCtrlZ 0.001 0.002 658.9928057553952 1 0 0 0
forceCtrlZ 0.001 0.002 662.5899280575536 1 0 0 0
forceCtrlZ 0.001 0.002 666.1870503597117 1 0 0 0
forceCtrlZ 0.001 0.002 669.7841726618701 1 0 0 0
forceCtrlZ 0.001 0.002 673.3812949640283 1 0 0 0
forceCtrlZ 0.001 0.002 676.9784172661866 1 0 0 0
forceCtrlZ 0.001 0.002 680.5755395683449 1 0 0 0
forceCtrlZ 0.001 0.002 684.1726618705031 1 0 0 0
forceCtrlZ 0.001 0.002 687.7697841726614 1 0 0 0
forceCtrlZ 0.001 0.002 691.3669064748196 1 0 0 0
forceCtrlZ 0.001 0.002 694.9640287769778 1 0 0 0
forceCtrlZ 0.001 0.002 698.5611510791362 1 0 0 0
forceCtrlZ 0.001 0.002 702.1582733812944 1 0 0 0
forceCtrlZ 0.001 0.002 705.7553956834527 1 0 0 0
forceCtrlZ 0.001 0.002 709.352517985611 1 0 0 0
forceCtrlZ 0.001 0.002 712.9496402877693 1 0 0 0
forceCtrlZ 0.001 0.002 716.5467625899275 1 0 0 0
forceCtrlZ 0.001 0.002 720.1438848920857 1 0 0 0
forceCtrlZ 0.001 0.002 723.741007194244 1 0 0 0
forceCtrlZ 0.001 0.002 727.3381294964022 1 0 0 0
forceCtrlZ 0.001 0.002 730.9352517985606 1 0 0 0
forceCtrlZ 0.001 0.002 734.5323741007188 1 0 0 0
forceCtrlZ 0.001 0.002 738.1294964028771 1 0 0 0
forceCtrlZ 0.001 0.002 741.7266187050354 1 0 0 0
forceCtrlZ 0.001 0.002 745.3237410071936 1 0 0 0
forceCtrlZ 0.001 0.002 748.9208633093518 1 0 0 0
forceCtrlZ 0.001 0.002 752.5179856115101 1 0 0 0
forceCtrlZ 0.001 0.002 756.1151079136685 1 0 0 0
forceCtrlZ 0.001 0.002 759.7122302158267 1 0 0 0
forceCtrlZ 0.001 0.002 763.3093525179848 1 0 0 0
forceCtrlZ 0.001 0.002 766.9064748201431 1 0 0 0
forceCtrlZ 0.001 0.002 770.5035971223014 1 0 0 0
forceCtrlZ 0.001 0.002 774.1007194244596 1 0 0 0
forceCtrlZ 0.001 0.002 777.697841726618 1 0 0 0
forceCtrlZ 0.001 0.002 781.2949640287762 1 0 0 0
forceCtrlZ 0.001 0.002 784.8920863309345 1 0 0 0
forceCtrlZ 0.001 0.002 788.4892086330927 1 0 0 0
forceCtrlZ 0.001 0.002 792.086330935251 1 0 0 0
forceCtrlZ 0.001 0.002 795.6834532374094 1 0 0 0
forceCtrlZ 0.001 0.002 799.2805755395675 1 0 0 0
forceCtrlZ 0.001 0.002 802.8776978417259 1 0 0 0
forceCtrlZ 0.001 0.002 806.4748201438841 1 0 0 0
forceCtrlZ 0.001 0.002 810.0719424460424 1 0 0 0
forceCtrlZ 0.001 0.002 813.6690647482005 1 0 0 0
forceCtrlZ 0.001 0.002 817.2661870503588 1 0 0 0
forceCtrlZ 0.001 0.002 820.863309352517 1 0 0 0
forceCtrlZ 0.001 0.002 824.4604316546754 1 0 0 0
forceCtrlZ 0.001 0.002 828.0575539568337 1 0 0 0
forceCtrlZ 0.001 0.002 831.6546762589919 1 0 0 0
forceCtrlZ 0.001 0.002 835.2517985611502 1 0 0 0
forceCtrlZ 0.001 0.002 838.8489208633084 1 0 0 0
forceCtrlZ 0.001 0.002 842.4460431654668 1 0 0 0
forceCtrlZ 0.001 0.002 846.0431654676249 1 0 0 0
forceCtrlZ 0.001 0.002 849.6402877697833 1 0 0 0
forceCtrlZ 0.001 0.002 853.2374100719416 1 0 0 0
forceCtrlZ 0.001 0.002 856.8345323740998 1 0 0 0
forceCtrlZ 0.001 0.002 860.4316546762581 1 0 0 0
forceCtrlZ 0.001 0.002 864.0287769784163 1 0 0 0
forceCtrlZ 0.001 0.002 867.6258992805745 1 0 0 0
forceCtrlZ 0.001 0.002 871.2230215827327 1 0 0 0
forceCtrlZ 0.001 0.002 874.8201438848911 1 0 0 0
forceCtrlZ 0.001 0.002 878.4172661870493 1 0 0 0
forceCtrlZ 0.001 0.002 882.0143884892076 1 0 0 0
forceCtrlZ 0.001 0.002 885.6115107913658 1 0 0 0
forceCtrlZ 0.001 0.002 889.2086330935242 1 0 0 0
forceCtrlZ 0.001 0.002 892.8057553956824 1 0 0 0
forceCtrlZ 0.001 0.002 896.4028776978407 1 0 0 0
forceCtrlZ 0.001 0.002 899.999999999999 1 0 0 0
forceCtrlZ 0.001 0.002 903.5971223021572 1 0 0 0
forceCtrlZ 0.001 0.002 907.1942446043155 1 0 0 0
forceCtrlZ 0.001 0.002 910.7913669064737 1 0 0 0
forceCtrlZ 0.001 0.002 914.388489208632 1 0 0 0
forceCtrlZ 0.001 0.002 917.9856115107902 1 0 0 0
forceCtrlZ 0.001 0.002 921.5827338129485 1 0 0 0
forceCtrlZ 0.001 0.002 925.1798561151068 1 0 0 0
forceCtrlZ 0.001 0.002 928.7769784172651 1 0 0 0
forceCtrlZ 0.001 0.002 932.3741007194235 1 0 0 0
forceCtrlZ 0.001 0.002 935.9712230215819 1 0 0 0
forceCtrlZ 0.001 0.002 939.5683453237402 1 0 0 0
forceCtrlZ 0.001 0.002 943.1654676258986 1 0 0 0
forceCtrlZ 0.001 0.002 946.762589928057 1 0 0 0
forceCtrlZ 0.001 0.002 950.3597122302153 1 0 0 0
forceCtrlZ 0.001 0.002 953.9568345323737 1 0 0 0
forceCtrlZ 0.001 0.002 957.553956834532 1 0 0 0
forceCtrlZ 0.001 0.002 961.1510791366903 1 0 0 0
forceCtrlZ 0.001 0.002 964.7482014388487 1 0 0 0
forceCtrlZ 0.001 0.002 968.3453237410071 1 0 0 0
forceCtrlZ 0.001 0.002 971.9424460431655 1 0 0 0
forceCtrlZ 0.001 0.002 975.5395683453239 1 0 0 0
forceCtrlZ 0.001 0.002 979.1366906474823 1 0 0 0
forceCtrlZ 0.001 0.002 982.7338129496407 1 0 0 0
forceCtrlZ 0.001 0.002 986.330935251799 1 0 0 0
forceCtrlZ 0.001 0.002 989.9280575539573 1 0 0 0
forceCtrlZ 0.001 0.002 993.5251798561156 1 0 0 0
forceCtrlZ 0.001 0.002 997.122302158274 1 0 0 0
forceCtrlZ 0.001 0.002 1000.0 1 0 0 0
forceCtrlZ 0.001 0.002 1000.0 1 0 0 0
forceCtrlZ 0.001 0.002 1000.0 1 0 0 0
forceCtrlZ 0.001 0.002 1000.0 1 0 0 0
forceCtrlZ 0.001 0.002 1000.0 1 0 0 0
forceCtrlZ 0.001 0.002 1000.0 1 0 0 0
forceCtrlZ 0.001 0.002 1000.0 1 0 0 0
forceCtrlZ 0.001 0.002 1000.0 1 0 0 0
forceCtrlZ 0.001 0.002 1000.0 1 0 0 0
forceCtrlZ 0.001 0.002 1000.0 1 0 0 0
forceCtrlZ 0.001 0.002 1000.0 1 0 0 0
forceCtrlZ 0.001 0.002 1000.0 1 0 0 0
forceCtrlZ 0.001 0.002 1000.0 1 0 0 0
forceCtrlZ 0.001 0.002 1000.0 1 0 0 0
forceCtrlZ 0.001 0.002 1000.0 1 0 0 0
forceCtrlZ 0.001 0.002 1000.0 1 0 0 0
forceCtrlZ 0.001 0.002 1000.0 1 0 0 0
forceCtrlZ 0.001 0.002 1000.0 1 0 0 0
forceCtrlZ 0.001 0.002 1000.0 1 0 0 0
forceCtrlZ 0.001 0.002 1000.0 1 0 0 0
forceCtrlZ 0.001 0.002 1000.0 1 0 0 0
forceCtrlZ 0.001 0.002 1000.0 1 0 0 0
forceCtrlZ 0.001 0.002 1000.0 1 0 0 0
forceCtrlZ 0.001 0.002 1000.0 1 0 0 0
forceCtrlZ 0.001 0.002 1000.0 1 0 0 0
forceCtrlZ 0.001 0.002 1000.0 1 0 0 0
forceCtrlZ 0.001 0.002 1000.0 1 0 0 0
forceCtrlZ 0.001 0.002 1000.0 1 0 0 0
forceCtrlZ 0.001 0.002 1000.0 1 0 0 0
forceCtrlZ 0.001 0.002 1000.0 1 0 0 0
forceCtrlZ 0.001 0.002 1000.0 1 0 0 0
forceCtrlZ 0.001 0.002 1000.0 1 0 0 0
forceCtrlZ 0.001 0.002 1000.0 1 0 0 0
forceCtrlZ 0.001 0.002 1000.0 1 0 0 0
forceCtrlZ 0.001 0.002 1000.0 1 0 0 0
forceCtrlZ 0.001 0.002 1000.0 1 0 0 0
forceCtrlZ 0.001 0.002 1000.0 1 0 0 0
forceCtrlZ 0.001 0.002 1000.0 1 0 0 0
forceCtrlZ 0.001 0.002 1000.0 1 0 0 0
forceCtrlZ 0.001 0.002 1000.0 1 0 0 0
forceCtrlZ 0.001 0.002 1000.0 1 0 0 0
forceCtrlZ 0.001 0.002 1000.0 1 0 0 0
forceCtrlZ 0.001 0.002 1000.0 1 0 0 0
forceCtrlZ 0.001 0.002 1000.0 1 0 0 0
forceCtrlZ 0.001 0.002 1000.0 1 0 0 0
forceCtrlZ 0.001 0.002 1000.0 1 0 0 0
forceCtrlZ 0.001 0.002 1000.0 1 0 0 0
forceCtrlZ 0.001 0.002 1000.0 1 0 0 0
forceCtrlZ 0.001 0.002 1000.0 1 0 0 0
forceCtrlZ 0.001 0.002 1000.0 1 0 0 0
forceCtrlZ 0.001 0.002 1000.0 1 0 0 0
forceCtrlZ 0.001 0.002 1000.0 1 0 0 0
forceCtrlZ 0.001 0.002 1000.0 1 0 0 0
forceCtrlZ 0.001 0.002 1000.0 1 0 0 0
forceCtrlZ 0.001 0.002 1000.0 1 0 0 0
forceCtrlZ 0.001 0.002 1000.0 1 0 0 0
forceCtrlZ 0.001 0.002 1000.0 1 0 0 0
forceCtrlZ 0.001 0.002 1000.0 1 0 0 0
forceCtrlZ 0.001 0.002 1000.0 1 0 0 0
forceCtrlZ 0.001 0.002 1000.0 1 0 0 0
forceCtrlZ 0.001 0.002 1000.0 1 0 0 0
forceCtrlZ 0.001 0.002 1000.0 1 0 0 0
forceCtrlZ 0.001 0.002 1000.0 1 0 0 0
forceCtrlZ 0.001 0.002 1000.0 1 0 0 0
forceCtrlZ 0.001 0.002 1000.0 1 0 0 0
forceCtrlZ 0.001 0.002 1000.0 1 0 0 0
forceCtrlZ 0.001 0.002 1000.0 1 0 0 0
forceCtrlZ 0.001 0.002 1000.0 1 0 0 0
forceCtrlZ 0.001 0.002 1000.0 1 0 0 0
forceCtrlZ 0.001 0.002 1000.0 1 0 0 0
forceCtrlZ 0.001 0.002 1000.0 1 0 0 0
forceCtrlZ 0.001 0.002 1000.0 1 0 0 0
forceCtrlZ 0.001 0.002 1000.0 1 0 0 0
forceCtrlZ 0.001 0.002 1000.0 1 0 0 0
forceCtrlZ 0.001 0.002 1000.0 1 0 0 0
forceCtrlZ 0.001 0.002 1000.0 1 0 0 0
forceCtrlZ 0.001 0.002 1000.0 1 0 0 0
forceCtrlZ 0.001 0.002 1000.0 1 0 0 0
forceCtrlZ 0.001 0.002 1000.0 1 0 0 0
forceCtrlZ 0.001 0.002 1000.0 1 0 0 0
forceCtrlZ 0.001 0.002 1000.0 1 0 0 0
forceCtrlZ 0.001 0.002 1000.0 1 0 0 0
forceCtrlZ 0.001 0.002 1000.0 1 0 0 0
forceCtrlZ 0.001 0.002 1000.0 1 0 0 0
forceCtrlZ 0.001 0.002 1000.0 1 0 0 0
forceCtrlZ 0.001 0.002 1000.0 1 0 0 0
forceCtrlZ 0.001 0.002 1000.0 1 0 0 0
forceCtrlZ 0.001 0.002 1000.0 1 0 0 0
forceCtrlZ 0.001 0.002 1000.0 1 0 0 0
forceCtrlZ 0.001 0.002 1000.0 1 0 0 0
forceCtrlZ 0.001 0.002 1000.0 1 0 0 0
forceCtrlZ 0.001 0.002 1000.0 1 0 0 0
forceCtrlZ 0.001 0.002 1000.0 1 0 0 0
forceCtrlZ 0.001 0.002 1000.0 1 0 0 0
forceCtrlZ 0.001 0.002 1000.0 1 0 0 0
forceCtrlZ 0.001 0.002 1000.0 1 0 0 0
forceCtrlZ 0.001 0.002 1000.0 1 0 0 0
forceCtrlZ 0.001 0.002 1000.0 1 0 0 0
forceCtrlZ 0.001 0.002 1000.0 1 0 0 0
forceCtrlZ 0.001 0.002 1000.0 1 0 0 0
forceCtrlZ 0.001 0.002 1000.0 1 0 0 0
forceCtrlZ 0.001 0.002 1000.0 1 0 0 0
forceCtrlZ 0.001 0.002 1000.0 1 0 0 0
forceCtrlZ 0.001 0.002 1000.0 1 0 0 0
forceCtrlZ 0.001 0.002 1000.0 1 0 0 0
forceCtrlZ 0.001 0.002 1000.0 1 0 0 0
forceCtrlZ 0.001 0.002 1000.0 1 0 0 0
forceCtrlZ 0.001 0.002 1000.0 1 0 0 0
forceCtrlZ 0.001 0.002 1000.0 1 0 0 0
forceCtrlZ 0.001 0.002 1000.0 1 0 0 0
forceCtrlZ 0.001 0.002 1000.0 1 0 0 0
forceCtrlZ 0.001 0.002 1000.0 1 0 0 0
forceCtrlZ 0.001 0.002 1000.0 1 0 0 0
forceCtrlZ 0.001 0.002 1000.0 1 0 0 0
forceCtrlZ 0.001 0.002 1000.0 1 0 0 0
forceCtrlZ 0.001 0.002 1000.0 1 0 0 0
forceCtrlZ 0.001 0.002 1000.0 1 0 0 0
forceCtrlZ 0.001 0.002 1000.0 1 0 0 0
forceCtrlZ 0.001 0.002 1000.0 1 0 0 0
forceCtrlZ 0.001 0.002 1000.0 1 0 0 0
forceCtrlZ 0.001 0.002 1000.0 1 0 0 0
forceCtrlZ 0.001 0.002 1000.0 1 0 0 0
forceCtrlZ 0.001 0.002 1000.0 1 0 0 0
forceCtrlZ 0.001 0.002 1000.0 1 0 0 0
forceCtrlZ 0.001 0.002 1000.0 1 0 0 0
forceCtrlZ 0.001 0.002 1000.0 1 0 0 0
forceCtrlZ 0.001 0.002 1000.0 1 0 0 0
forceCtrlZ 0.001 0.002 1000.0 1 0 0 0
forceCtrlZ 0.001 0.002 1000.0 1 0 0 0
forceCtrlZ 0.001 0.002 1000.0 1 0 0 0
forceCtrlZ 0.001 0.002 1000.0 1 0 0 0
forceCtrlZ 0.001 0.002 1000.0 1 0 0 0
forceCtrlZ 0.001 0.002 1000.0 1 0 0 0
forceCtrlZ 0.001 0.002 1000.0 1 0 0 0
forceCtrlZ 0.001 0.002 1000.0 1 0 0 0
forceCtrlZ 0.001 0.002 1000.0 1 0 0 0
forceCtrlZ 0.001 0.002 1000.0 1 0 0 0
forceCtrlZ 0.001 0.002 1000.0 1 0 0 0
forceCtrlZ 0.001 0.002 1000.0 1 0 0 0
forceCtrlZ 0.001 0.002 1000.0 1 0 0 0
forceCtrlZ 0.001 0.002 1000.0 1 0 0 0
forceCtrlZ 0.001 0.002 1000.0 1 0 0 0
forceCtrlZ 0.001 0.002 1000.0 1 0 0 0
forceCtrlZ 0.001 0.002 1000.0 1 0 0 0
forceCtrlZ 0.001 0.002 1000.0 1 0 0 0
forceCtrlZ 0.001 0.002 1000.0 1 0 0 0
forceCtrlZ 0.001 0.002 1000.0 1 0 0 0
forceCtrlZ 0.001 0.002 1000.0 1 0 0 0
forceCtrlZ 0.001 0.002 1000.0 1 0 0 0
forceCtrlZ 0.001 0.002 1000.0 1 0 0 0
forceCtrlZ 0.001 0.002 1000.0 1 0 0 0
forceCtrlZ 0.001 0.002 1000.0 1 0 0 0
forceCtrlZ 0.001 0.002 1000.0 1 0 0 0
forceCtrlZ 0.001 0.002 1000.0 1 0 0 0
forceCtrlZ 0.001 0.002 1000.0 1 0 0 0
forceCtrlZ 0.001 0.002 1000.0 1 0 0 0
forceCtrlZ 0.001 0.002 1000.0 1 0 0 0
forceCtrlZ 0.001 0.002 1000.0 1 0 0 0
forceCtrlZ 0.001 0.002 1000.0 1 0 0 0
forceCtrlZ 0.001 0.002 1000.0 1 0 0 0
forceCtrlZ 0.001 0.002 1000.0 1 0 0 0
forceCtrlZ 0.001 0.002 1000.0 1 0 0 0
forceCtrlZ 0.001 0.002 1000.0 1 0 0 0
forceCtrlZ 0.001 0.002 1000.0 1 0 0 0
forceCtrlZ 0.001 0.002 1000.0 1 0 0 0
forceCtrlZ 0.001 0.002 1000.0 1 0 0 0
forceCtrlZ 0.001 0.002 1000.0 1 0 0 0
forceCtrlZ 0.001 0.002 1000.0 1 0 0 0
forceCtrlZ 0.001 0.002 1000.0 1 0 0 0
forceCtrlZ 0.001 0.002 1000.0 1 0 0 0
forceCtrlZ 0.001 0.002 1000.0 1 0 0 0
forceCtrlZ 0.001 0.002 1000.0 1 0 0 0
forceCtrlZ 0.001 0.002 1000.0 1 0 0 0
forceCtrlZ 0.001 0.002 1000.0 1 0 0 0
forceCtrlZ 0.001 0.002 1000.0 1 0 0 0
forceCtrlZ 0.001 0.002 1000.0 1 0 0 0
forceCtrlZ 0.001 0.002 1000.0 1 0 0 0
forceCtrlZ 0.001 0.002 1000.0 1 0 0 0
forceCtrlZ 0.001 0.002 1000.0 1 0 0 0
forceCtrlZ 0.001 0.002 1000.0 1 0 0 0
forceCtrlZ 0.001 0.002 1000.0 1 0 0 0
forceCtrlZ 0.001 0.002 1000.0 1 0 0 0
forceCtrlZ 0.001 0.002 1000.0 1 0 0 0
forceCtrlZ 0.001 0.002 1000.0 1 0 0 0
forceCtrlZ 0.001 0.002 1000.0 1 0 0 0
forceCtrlZ 0.001 0.002 1000.0 1 0 0 0
forceCtrlZ 0.001 0.002 1000.0 1 0 0 0
forceCtrlZ 0.001 0.002 1000.0 1 0 0 0
forceCtrlZ 0.001 0.002 1000.0 1 0 0 0
forceCtrlZ 0.001 0.002 1000.0 1 0 0 0
forceCtrlZ 0.001 0.002 1000.0 1 0 0 0
forceCtrlZ 0.001 0.002 1000.0 1 0 0 0
forceCtrlZ 0.001 0.002 1000.0 1 0 0 0
forceCtrlZ 0.001 0.002 1000.0 1 0 0 0
forceCtrlZ 0.001 0.002 1000.0 1 0 0 0
forceCtrlZ 0.001 0.002 1000.0 1 0 0 0
forceCtrlZ 0.001 0.002 1000.0 1 0 0 0
forceCtrlZ 0.001 0.002 1000.0 1 0 0 0
forceCtrlZ 0.001 0.002 1000.0 1 0 0 0
forceCtrlZ 0.001 0.002 1000.0 1 0 0 0
forceCtrlZ 0.001 0.002 1000.0 1 0 0 0
forceCtrlZ 0.001 0.002 1000.0 1 0 0 0
forceCtrlZ 0.001 0.002 1000.0 1 0 0 0
forceCtrlZ 0.001 0.002 1000.0 1 0 0 0
forceCtrlZ 0.001 0.002 1000.0 1 0 0 0
forceCtrlZ 0.001 0.002 1000.0 1 0 0 0
forceCtrlZ 0.001 0.002 1000.0 1 0 0 0
forceCtrlZ 0.001 0.002 1000.0 1 0 0 0
forceCtrlZ 0.001 0.002 1000.0 1 0 0 0
forceCtrlZ 0.001 0.002 1000.0 1 0 0 0
forceCtrlZ 0.001 0.002 1000.0 1 0 0 0
forceCtrlZ 0.001 0.002 1000.0 1 0 0 0
forceCtrlZ 0.001 0.002 1000.0 1 0 0 0
forceCtrlZ 0.001 0.002 1000.0 1 0 0 0
forceCtrlZ 0.001 0.002 1000.0 1 0 0 0
forceCtrlZ 0.001 0.002 1000.0 1 0 0 0
forceCtrlZ 0.001 0.002 1000.0 1 0 0 0
forceCtrlZ 0.001 0.002 1000.0 1 0 0 0
forceCtrlZ 0.001 0.002 1000.0 1 0 0 0
forceCtrlZ 0.001 0.002 1000.0 1 0 0 0
forceCtrlZ 0.001 0.002 1000.0 1 0 0 0
forceCtrlZ 0.001 0.002 1000.0 1 0 0 0
forceCtrlZ 0.001 0.002 1000.0 1 0 0 0
forceCtrlZ 0.001 0.002 1000.0 1 0 0 0
forceCtrlZ 0.001 0.002 1000.0 1 0 0 0
forceCtrlZ 0.001 0.002 1000.0 1 0 0 0
forceCtrlZ 0.001 0.002 1000.0 1 0 0 0
forceCtrlZ 0.001 0.002 1000.0 1 0 0 0
forceCtrlZ 0.001 0.002 1000.0 1 0 0 0
forceCtrlZ 0.001 0.002 1000.0 1 0 0 0
forceCtrlZ 0.001 0.002 1000.0 1 0 0 0
forceCtrlZ 0.001 0.002 1000.0 1 0 0 0
forceCtrlZ 0.001 0.002 1000.0 1 0 0 0
forceCtrlZ 0.001 0.002 1000.0 1 0 0 0
forceCtrlZ 0.001 0.002 1000.0 1 0 0 0
forceCtrlZ 0.001 0.002 1000.0 1 0 0 0
forceCtrlZ 0.001 0.002 1000.0 1 0 0 0
forceCtrlZ 0.001 0.002 1000.0 1 0 0 0
forceCtrlZ 0.001 0.002 1000.0 1 0 0 0
forceCtrlZ 0.001 0.002 1000.0 1 0 0 0
forceCtrlZ 0.001 0.002 1000.0 1 0 0 0
forceCtrlZ 0.001 0.002 1000.0 1 0 0 0
forceCtrlZ 0.001 0.002 1000.0 1 0 0 0
forceCtrlZ 0.001 0.002 1000.0 1 0 0 0
forceCtrlZ 0.001 0.002 1000.0 1 0 0 0
forceCtrlZ 0.001 0.002 1000.0 1 0 0 0
forceCtrlZ 0.001 0.002 1000.0 1 0 0 0
forceCtrlZ 0.001 0.002 1000.0 1 0 0 0
forceCtrlZ 0.001 0.002 1000.0 1 0 0 0
forceCtrlZ 0.001 0.002 1000.0 1 0 0 0
forceCtrlZ 0.001 0.002 1000.0 1 0 0 0
forceCtrlZ 0.001 0.002 1000.0 1 0 0 0
forceCtrlZ 0.001 0.002 1000.0 1 0 0 0
forceCtrlZ 0.001 0.002 1000.0 1 0 0 0
forceCtrlZ 0.001 0.002 1000.0 1 0 0 0
forceCtrlZ 0.001 0.002 1000.0 1 0 0 0
forceCtrlZ 0.001 0.002 1000.0 1 0 0 0
forceCtrlZ 0.001 0.002 1000.0 1 0 0 0
forceCtrlZ 0.001 0.002 1000.0 1 0 0 0
forceCtrlZ 0.001 0.002 1000.0 1 0 0 0
forceCtrlZ 0.001 0.002 1000.0 1 0 0 0
forceCtrlZ 0.001 0.002 1000.0 1 0 0 0
forceCtrlZ 0.001 0.002 1000.0 1 0 0 0
forceCtrlZ 0.001 0.002 1000.0 1 0 0 0
forceCtrlZ 0.001 0.002 1000.0 1 0 0 0
forceCtrlZ 0.001 0.002 1000.0 1 0 0 0
forceCtrlZ 0.001 0.002 1000.0 1 0 0 0
forceCtrlZ 0.001 0.002 1000.0 1 0 0 0
forceCtrlZ 0.001 0.002 1000.0 1 0 0 0
forceCtrlZ 0.001 0.002 1000.0 1 0 0 0
forceCtrlZ 0.001 0.002 1000.0 1 0 0 0
forceCtrlZ 0.001 0.002 1000.0 1 0 0 0
forceCtrlZ 0.001 0.002 1000.0 1 0 0 0
forceCtrlZ 0.001 0.002 1000.0 1 0 0 0
forceCtrlZ 0.001 0.002 1000.0 1 0 0 0
forceCtrlZ 0.001 0.002 1000.0 1 0 0 0
forceCtrlZ 0.001 0.002 1000.0 1 0 0 0
forceCtrlZ 0.001 0.002 1000.0 1 0 0 0
forceCtrlZ 0.001 0.002 1000.0 1 0 0 0
forceCtrlZ 0.001 0.002 1000.0 1 0 0 0
forceCtrlZ 0.001 0.002 1000.0 1 0 0 0
forceCtrlZ 0.001 0.002 1000.0 1 0 0 0
forceCtrlZ 0.001 0.002 1000.0 1 0 0 0
forceCtrlZ 0.001 0.002 1000.0 1 0 0 0
forceCtrlZ 0.001 0.002 1000.0 1 0 0 0
forceCtrlZ 0.001 0.002 1000.0 1 0 0 0
forceCtrlZ 0.001 0.002 1000.0 1 0 0 0
forceCtrlZ 0.001 0.002 1000.0 1 0 0 0
forceCtrlZ 0.001 0.002 1000.0 1 0 0 0
forceCtrlZ 0.001 0.002 1000.0 1 0 0 0
forceCtrlZ 0.001 0.002 1000.0 1 0 0 0
forceCtrlZ 0.001 0.002 1000.0 1 0 0 0
forceCtrlZ 0.001 0.002 1000.0 1 0 0 0
forceCtrlZ 0.001 0.002 1000.0 1 0 0 0
forceCtrlZ 0.001 0.002 1000.0 1 0 0 0
forceCtrlZ 0.001 0.002 1000.0 1 0 0 0
forceCtrlZ 0.001 0.002 1000.0 1 0 0 0
forceCtrlZ 0.001 0.002 1000.0 1 0 0 0
forceCtrlZ 0.001 0.002 1000.0 1 0 0 0
forceCtrlZ 0.001 0.002 1000.0 1 0 0 0
forceCtrlZ 0.001 0.002 1000.0 1 0 0 0
forceCtrlZ 0.001 0.002 1000.0 1 0 0 0
forceCtrlZ 0.001 0.002 1000.0 1 0 0 0
forceCtrlZ 0.001 0.002 1000.0 1 0 0 0
forceCtrlZ 0.001 0.002 1000.0 1 0 0 0
forceCtrlZ 0.001 0.002 1000.0 1 0 0 0
forceCtrlZ 0.001 0.002 1000.0 1 0 0 0
forceCtrlZ 0.001 0.002 1000.0 1 0 0 0
forceCtrlZ 0.001 0.002 1000.0 1 0 0 0
forceCtrlZ 0.001 0.002 1000.0 1 0 0 0
forceCtrlZ 0.001 0.002 1000.0 1 0 0 0
forceCtrlZ 0.001 0.002 1000.0 1 0 0 0
forceCtrlZ 0.001 0.002 1000.0 1 0 0 0
forceCtrlZ 0.001 0.002 1000.0 1 0 0 0
forceCtrlZ 0.001 0.002 1000.0 1 0 0 0
forceCtrlZ 0.001 0.002 1000.0 1 0 0 0
forceCtrlZ 0.001 0.002 1000.0 1 0 0 0
forceCtrlZ 0.001 0.002 1000.0 1 0 0 0
forceCtrlZ 0.001 0.002 1000.0 1 0 0 0
forceCtrlZ 0.001 0.002 1000.0 1 0 0 0
forceCtrlZ 0.001 0.002 1000.0 1 0 0 0
forceCtrlZ 0.001 0.002 1000.0 1 0 0 0
forceCtrlZ 0.001 0.002 1000.0 1 0 0 0
forceCtrlZ 0.001 0.002 1000.0 1 0 0 0
forceCtrlZ 0.001 0.002 1000.0 1 0 0 0
forceCtrlZ 0.001 0.002 1000.0 1 0 0 0
forceCtrlZ 0.001 0.002 1000.0 1 0 0 0
forceCtrlZ 0.001 0.002 1000.0 1 0 0 0
forceCtrlZ 0.001 0.002 1000.0 1 0 0 0
forceCtrlZ 0.001 0.002 1000.0 1 0 0 0
forceCtrlZ 0.001 0.002 1000.0 1 0 0 0
forceCtrlZ 0.001 0.002 1000.0 1 0 0 0
forceCtrlZ 0.001 0.002 1000.0 1 0 0 0
forceCtrlZ 0.001 0.002 1000.0 1 0 0 0
forceCtrlZ 0.001 0.002 1000.0 1 0 0 0
forceCtrlZ 0.001 0.002 1000.0 1 0 0 0
forceCtrlZ 0.001 0.002 1000.0 1 0 0 0
forceCtrlZ 0.001 0.002 1000.0 1 0 0 0
forceCtrlZ 0.001 0.002 1000.0 1 0 0 0
forceCtrlZ 0.001 0.002 1000.0 1 0 0 0
forceCtrlZ 0.001 0.002 1000.0 1 0 0 0
forceCtrlZ 0.001 0.002 1000.0 1 0 0 0
forceCtrlZ 0.001 0.002 1000.0 1 0 0 0
forceCtrlZ 0.001 0.002 1000.0 1 0 0 0
forceCtrlZ 0.001 0.002 1000.0 1 0 0 0
forceCtrlZ 0.001 0.002 1000.0 1 0 0 0
forceCtrlZ 0.001 0.002 1000.0 1 0 0 0
forceCtrlZ 0.001 0.002 1000.0 1 0 0 0
forceCtrlZ 0.001 0.002 1000.0 1 0 0 0
forceCtrlZ 0.001 0.002 1000.0 1 0 0 0
forceCtrlZ 0.001 0.002 1000.0 1 0 0 0
forceCtrlZ 0.001 0.002 1000.0 1 0 0 0
forceCtrlZ 0.001 0.002 1000.0 1 0 0 0
forceCtrlZ 0.001 0.002 1000.0 1 0 0 0
forceCtrlZ 0.001 0.002 1000.0 1 0 0 0
forceCtrlZ 0.001 0.002 1000.0 1 0 0 0
forceCtrlZ 0.001 0.002 1000.0 1 0 0 0
forceCtrlZ 0.001 0.002 1000.0 1 0 0 0
forceCtrlZ 0.001 0.002 1000.0 1 0 0 0
forceCtrlZ 0.001 0.002 1000.0 1 0 0 0
forceCtrlZ 0.001 0.002 1000.0 1 0 0 0
forceCtrlZ 0.001 0.002 1000.0 1 0 0 0
forceCtrlZ 0.001 0.002 1000.0 1 0 0 0
forceCtrlZ 0.001 0.002 1000.0 1 0 0 0
forceCtrlZ 0.001 0.002 1000.0 1 0 0 0
forceCtrlZ 0.001 0.002 1000.0 1 0 0 0
forceCtrlZ 0.001 0.002 1000.0 1 0 0 0
forceCtrlZ 0.001 0.002 1000.0 1 0 0 0
forceCtrlZ 0.001 0.002 1000.0 1 0 0 0
forceCtrlZ 0.001 0.002 1000.0 1 0 0 0
forceCtrlZ 0.001 0.002 1000.0 1 0 0 0
forceCtrlZ 0.001 0.002 1000.0 1 0 0 0
forceCtrlZ 0.001 0.002 1000.0 1 0 0 0
forceCtrlZ 0.001 0.002 1000.0 1 0 0 0
forceCtrlZ 0.001 0.002 1000.0 1 0 0 0
forceCtrlZ 0.001 0.002 1000.0 1 0 0 0
forceCtrlZ 0.001 0.002 1000.0 1 0 0 0
forceCtrlZ 0.001 0.002 1000.0 1 0 0 0
forceCtrlZ 0.001 0.002 1000.0 1 0 0 0
forceCtrlZ 0.001 0.002 1000.0 1 0 0 0
forceCtrlZ 0.001 0.002 1000.0 1 0 0 0
forceCtrlZ 0.001 0.002 1000.0 1 0 0 0
forceCtrlZ 0.001 0.002 1000.0 1 0 0 0
forceCtrlZ 0.001 0.002 1000.0 1 0 0 0
forceCtrlZ 0.001 0.002 1000.0 1 0 0 0
forceCtrlZ 0.001 0.002 1000.0 1 0 0 0
forceCtrlZ 0.001 0.002 1000.0 1 0 0 0
forceCtrlZ 0.001 0.002 1000.0 1 0 0 0
forceCtrlZ 0.001 0.002 1000.0 1 0 0 0
forceCtrlZ 0.001 0.002 1000.0 1 0 0 0
forceCtrlZ 0.001 0.002 1000.0 1 0 0 0
forceCtrlZ 0.001 0.002 1000.0 1 0 0 0
forceCtrlZ 0.001 0.002 1000.0 1 0 0 0
forceCtrlZ 0.001 0.002 1000.0 1 0 0 0
forceCtrlZ 0.001 0.002 1000.0 1 0 0 0
forceCtrlZ 0.001 0.002 1000.0 1 0 0 0
forceCtrlZ 0.001 0.002 1000.0 1 0 0 0
forceCtrlZ 0.001 0.002 1000.0 1 0 0 0
forceCtrlZ 0.001 0.002 1000.0 1 0 0 0
forceCtrlZ 0.001 0.002 1000.0 1 0 0 0
forceCtrlZ 0.001 0.002 1000.0 1 0 0 0
forceCtrlZ 0.001 0.002 1000.0 1 0 0 0
forceCtrlZ 0.001 0.002 1000.0 1 0 0 0
forceCtrlZ 0.001 0.002 1000.0 1 0 0 0
forceCtrlZ 0.001 0.002 1000.0 1 0 0 0
forceCtrlZ 0.001 0.002 1000.0 1 0 0 0
forceCtrlZ 0.001 0.002 1000.0 1 0 0 0
forceCtrlZ 0.001 0.002 1000.0 1 0 0 0
forceCtrlZ 0.001 0.002 1000.0 1 0 0 0
forceCtrlZ 0.001 0.002 1000.0 1 0 0 0
forceCtrlZ 0.001 0.002 1000.0 1 0 0 0
forceCtrlZ 0.001 0.002 1000.0 1 0 0 0
forceCtrlZ 0.001 0.002 1000.0 1 0 0 0
forceCtrlZ 0.001 0.002 1000.0 1 0 0 0
forceCtrlZ 0.001 0.002 1000.0 1 0 0 0
forceCtrlZ 0.001 0.002 1000.0 1 0 0 0
forceCtrlZ 0.001 0.002 1000.0 1 0 0 0
forceCtrlZ 0.001 0.002 1000.0 1 0 0 0
forceCtrlZ 0.001 0.002 1000.0 1 0 0 0
forceCtrlZ 0.001 0.002 1000.0 1 0 0 0
forceCtrlZ 0.001 0.002 1000.0 1 0 0 0
forceCtrlZ 0.001 0.002 1000.0 1 0 0 0
forceCtrlZ 0.001 0.002 1000.0 1 0 0 0
forceCtrlZ 0.001 0.002 1000.0 1 0 0 0
forceCtrlZ 0.001 0.002 1000.0 1 0 0 0
forceCtrlZ 0.001 0.002 1000.0 1 0 0 0
forceCtrlZ 0.001 0.002 1000.0 1 0 0 0
forceCtrlZ 0.001 0.002 1000.0 1 0 0 0
forceCtrlZ 0.001 0.002 1000.0 1 0 0 0
forceCtrlZ 0.001 0.002 1000.0 1 0 0 0
forceCtrlZ 0.001 0.002 1000.0 1 0 0 0
forceCtrlZ 0.001 0.002 1000.0 1 0 0 0
forceCtrlZ 0.001 0.002 1000.0 1 0 0 0
forceCtrlZ 0.001 0.002 1000.0 1 0 0 0
forceCtrlZ 0.001 0.002 1000.0 1 0 0 0
forceCtrlZ 0.001 0.002 1000.0 1 0 0 0
forceCtrlZ 0.001 0.002 1000.0 1 0 0 0
forceCtrlZ 0.001 0.002 1000.0 1 0 0 0
forceCtrlZ 0.001 0.002 1000.0 1 0 0 0
forceCtrlZ 0.001 0.002 1000.0 1 0 0 0
forceCtrlZ 0.001 0.002 1000.0 1 0 0 0
forceCtrlZ 0.001 0.002 1000.0 1 0 0 0
forceCtrlZ 0.001 0.002 1000.0 1 0 0 0
forceCtrlZ 0.001 0.002 1000.0 1 0 0 0
forceCtrlZ 0.001 0.002 1000.0 1 0 0 0
forceCtrlZ 0.001 0.002 1000.0 1 0 0 0
forceCtrlZ 0.001 0.002 1000.0 1 0 0 0
forceCtrlZ 0.001 0.002 1000.0 1 0 0 0
forceCtrlZ 0.001 0.002 1000.0 1 0 0 0
forceCtrlZ 0.001 0.002 1000.0 1 0 0 0
forceCtrlZ 0.001 0.002 1000.0 1 0 0 0
forceCtrlZ 0.001 0.002 1000.0 1 0 0 0
forceCtrlZ 0.001 0.002 1000.0 1 0 0 0
forceCtrlZ 0.001 0.002 1000.0 1 0 0 0
forceCtrlZ 0.001 0.002 1000.0 1 0 0 0
forceCtrlZ 0.001 0.002 1000.0 1 0 0 0
forceCtrlZ 0.001 0.002 1000.0 1 0 0 0
forceCtrlZ 0.001 0.002 1000.0 1 0 0 0
forceCtrlZ 0.001 0.002 1000.0 1 0 0 0
forceCtrlZ 0.001 0.002 1000.0 1 0 0 0
forceCtrlZ 0.001 0.002 1000.0 1 0 0 0
forceCtrlZ 0.001 0.002 1000.0 1 0 0 0
forceCtrlZ 0.001 0.002 1000.0 1 0 0 0
forceCtrlZ 0.001 0.002 1000.0 1 0 0 0
forceCtrlZ 0.001 0.002 1000.0 1 0 0 0
forceCtrlZ 0.001 0.002 1000.0 1 0 0 0
forceCtrlZ 0.001 0.002 1000.0 1 0 0 0
forceCtrlZ 0.001 0.002 1000.0 1 0 0 0
forceCtrlZ 0.001 0.002 1000.0 1 0 0 0
forceCtrlZ 0.001 0.002 1000.0 1 0 0 0
forceCtrlZ 0.001 0.002 1000.0 1 0 0 0
forceCtrlZ 0.001 0.002 1000.0 1 0 0 0
forceCtrlZ 0.001 0.002 1000.0 1 0 0 0
forceCtrlZ 0.001 0.002 1000.0 1 0 0 0
forceCtrlZ 0.001 0.002 1000.0 1 0 0 0
forceCtrlZ 0.001 0.002 1000.0 1 0 0 0
forceCtrlZ 0.001 0.002 1000.0 1 0 0 0
forceCtrlZ 0.001 0.002 1000.0 1 0 0 0
forceCtrlZ 0.001 0.002 1000.0 1 0 0 0
forceCtrlZ 0.001 0.002 1000.0 1 0 0 0
forceCtrlZ 0.001 0.002 1000.0 1 0 0 0
forceCtrlZ 0.001 0.002 1000.0 1 0 0 0
forceCtrlZ 0.001 0.002 1000.0 1 0 0 0
forceCtrlZ 0.001 0.002 1000.0 1 0 0 0
forceCtrlZ 0.001 0.002 1000.0 1 0 0 0
forceCtrlZ 0.001 0.002 1000.0 1 0 0 0
forceCtrlZ 0.001 0.002 1000.0 1 0 0 0
forceCtrlZ 0.001 0.002 1000.0 1 0 0 0
forceCtrlZ 0.001 0.002 1000.0 1 0 0 0
forceCtrlZ 0.001 0.002 1000.0 1 0 0 0
forceCtrlZ 0.001 0.002 1000.0 1 0 0 0
forceCtrlZ 0.001 0.002 1000.0 1 0 0 0
forceCtrlZ 0.001 0.002 1000.0 1 0 0 0
forceCtrlZ 0.001 0.002 1000.0 1 0 0 0
forceCtrlZ 0.001 0.002 1000.0 1 0 0 0
forceCtrlZ 0.001 0.002 1000.0 1 0 0 0
forceCtrlZ 0.001 0.002 1000.0 1 0 0 0
forceCtrlZ 0.001 0.002 1000.0 1 0 0 0
forceCtrlZ 0.001 0.002 1000.0 1 0 0 0
forceCtrlZ 0.001 0.002 1000.0 1 0 0 0
forceCtrlZ 0.001 0.002 1000.0 1 0 0 0
forceCtrlZ 0.001 0.002 1000.0 1 0 0 0
forceCtrlZ 0.001 0.002 1000.0 1 0 0 0
forceCtrlZ 0.001 0.002 1000.0 1 0 0 0
forceCtrlZ 0.001 0.002 1000.0 1 0 0 0
forceCtrlZ 0.001 0.002 1000.0 1 0 0 0
forceCtrlZ 0.001 0.002 1000.0 1 0 0 0
forceCtrlZ 0.001 0.002 1000.0 1 0 0 0
forceCtrlZ 0.001 0.002 1000.0 1 0 0 0
forceCtrlZ 0.001 0.002 1000.0 1 0 0 0
forceCtrlZ 0.001 0.002 1000.0 1 0 0 0
forceCtrlZ 0.001 0.002 1000.0 1 0 0 0
forceCtrlZ 0.001 0.002 1000.0 1 0 0 0
forceCtrlZ 0.001 0.002 1000.0 1 0 0 0
forceCtrlZ 0.001 0.002 1000.0 1 0 0 0
forceCtrlZ 0.001 0.002 1000.0 1 0 0 0
forceCtrlZ 0.001 0.002 1000.0 1 0 0 0
forceCtrlZ 0.001 0.002 1000.0 1 0 0 0
forceCtrlZ 0.001 0.002 1000.0 1 0 0 0
forceCtrlZ 0.001 0.002 1000.0 1 0 0 0
forceCtrlZ 0.001 0.002 1000.0 1 0 0 0
forceCtrlZ 0.001 0.002 1000.0 1 0 0 0
forceCtrlZ 0.001 0.002 1000.0 1 0 0 0
forceCtrlZ 0.001 0.002 1000.0 1 0 0 0
forceCtrlZ 0.001 0.002 1000.0 1 0 0 0
forceCtrlZ 0.001 0.002 1000.0 1 0 0 0
forceCtrlZ 0.001 0.002 1000.0 1 0 0 0
forceCtrlZ 0.001 0.002 1000.0 1 0 0 0
forceCtrlZ 0.001 0.002 1000.0 1 0 0 0
forceCtrlZ 0.001 0.002 1000.0 1 0 0 0
forceCtrlZ 0.001 0.002 1000.0 1 0 0 0
forceCtrlZ 0.001 0.002 1000.0 1 0 0 0
forceCtrlZ 0.001 0.002 1000.0 1 0 0 0
forceCtrlZ 0.001 0.002 1000.0 1 0 0 0
forceCtrlZ 0.001 0.002 1000.0 1 0 0 0
forceCtrlZ 0.001 0.002 1000.0 1 0 0 0
forceCtrlZ 0.001 0.002 1000.0 1 0 0 0
forceCtrlZ 0.001 0.002 1000.0 1 0 0 0
forceCtrlZ 0.001 0.002 1000.0 1 0 0 0
forceCtrlZ 0.001 0.002 1000.0 1 0 0 0
forceCtrlZ 0.001 0.002 1000.0 1 0 0 0
forceCtrlZ 0.001 0.002 1000.0 1 0 0 0
forceCtrlZ 0.001 0.002 1000.0 1 0 0 0
forceCtrlZ 0.001 0.002 1000.0 1 0 0 0
forceCtrlZ 0.001 0.002 1000.0 1 0 0 0
forceCtrlZ 0.001 0.002 1000.0 1 0 0 0
forceCtrlZ 0.001 0.002 1000.0 1 0 0 0
forceCtrlZ 0.001 0.002 1000.0 1 0 0 0
forceCtrlZ 0.001 0.002 1000.0 1 0 0 0
forceCtrlZ 0.001 0.002 1000.0 1 0 0 0
forceCtrlZ 0.001 0.002 1000.0 1 0 0 0
forceCtrlZ 0.001 0.002 1000.0 1 0 0 0
forceCtrlZ 0.001 0.002 1000.0 1 0 0 0
forceCtrlZ 0.001 0.002 1000.0 1 0 0 0
forceCtrlZ 0.001 0.002 1000.0 1 0 0 0
forceCtrlZ 0.001 0.002 1000.0 1 0 0 0
forceCtrlZ 0.001 0.002 1000.0 1 0 0 0
forceCtrlZ 0.001 0.002 1000.0 1 0 0 0
forceCtrlZ 0.001 0.002 1000.0 1 0 0 0
forceCtrlZ 0.001 0.002 1000.0 1 0 0 0
forceCtrlZ 0.001 0.002 1000.0 1 0 0 0
forceCtrlZ 0.001 0.002 1000.0 1 0 0 0
forceCtrlZ 0.001 0.002 1000.0 1 0 0 0
forceCtrlZ 0.001 0.002 1000.0 1 0 0 0
forceCtrlZ 0.001 0.002 1000.0 1 0 0 0
forceCtrlZ 0.001 0.002 1000.0 1 0 0 0
forceCtrlZ 0.001 0.002 1000.0 1 0 0 0
forceCtrlZ 0.001 0.002 1000.0 1 0 0 0
forceCtrlZ 0.001 0.002 1000.0 1 0 0 0
forceCtrlZ 0.001 0.002 1000.0 1 0 0 0
forceCtrlZ 0.001 0.002 1000.0 1 0 0 0
forceCtrlZ 0.001 0.002 1000.0 1 0 0 0
forceCtrlZ 0.001 0.002 1000.0 1 0 0 0
forceCtrlZ 0.001 0.002 1000.0 1 0 0 0
forceCtrlZ 0.001 0.002 1000.0 1 0 0 0
forceCtrlZ 0.001 0.002 1000.0 1 0 0 0
forceCtrlZ 0.001 0.002 1000.0 1 0 0 0
forceCtrlZ 0.001 0.002 1000.0 1 0 0 0
forceCtrlZ 0.001 0.002 1000.0 1 0 0 0
forceCtrlZ 0.001 0.002 1000.0 1 0 0 0
forceCtrlZ 0.001 0.002 1000.0 1 0 0 0
forceCtrlZ 0.001 0.002 1000.0 1 0 0 0
forceCtrlZ 0.001 0.002 1000.0 1 0 0 0
forceCtrlZ 0.001 0.002 1000.0 1 0 0 0
forceCtrlZ 0.001 0.002 1000.0 1 0 0 0
forceCtrlZ 0.001 0.002 1000.0 1 0 0 0
forceCtrlZ 0.001 0.002 1000.0 1 0 0 0
forceCtrlZ 0.001 0.002 1000.0 1 0 0 0
forceCtrlZ 0.001 0.002 1000.0 1 0 0 0
forceCtrlZ 0.001 0.002 1000.0 1 0 0 0
forceCtrlZ 0.001 0.002 1000.0 1 0 0 0
forceCtrlZ 0.001 0.002 1000.0 1 0 0 0
forceCtrlZ 0.001 0.002 1000.0 1 0 0 0
forceCtrlZ 0.001 0.002 1000.0 1 0 0 0
forceCtrlZ 0.001 0.002 1000.0 1 0 0 0
forceCtrlZ 0.001 0.002 1000.0 1 0 0 0
forceCtrlZ 0.001 0.002 1000.0 1 0 0 0
forceCtrlZ 0.001 0.002 1000.0 1 0 0 0
forceCtrlZ 0.001 0.002 1000.0 1 0 0 0
forceCtrlZ 0.001 0.002 1000.0 1 0 0 0
forceCtrlZ 0.001 0.002 1000.0 1 0 0 0
forceCtrlZ 0.001 0.002 1000.0 1 0 0 0
forceCtrlZ 0.001 0.002 1000.0 1 0 0 0
forceCtrlZ 0.001 0.002 1000.0 1 0 0 0
forceCtrlZ 0.001 0.002 1000.0 1 0 0 0
forceCtrlZ 0.001 0.002 1000.0 1 0 0 0
forceCtrlZ 0.001 0.002 1000.0 1 0 0 0
forceCtrlZ 0.001 0.002 1000.0 1 0 0 0
forceCtrlZ 0.001 0.002 1000.0 1 0 0 0
forceCtrlZ 0.001 0.002 1000.0 1 0 0 0
forceCtrlZ 0.001 0.002 1000.0 1 0 0 0
forceCtrlZ 0.001 0.002 1000.0 1 0 0 0
forceCtrlZ 0.001 0.002 1000.0 1 0 0 0
forceCtrlZ 0.001 0.002 1000.0 1 0 0 0
forceCtrlZ 0.001 0.002 1000.0 1 0 0 0
forceCtrlZ 0.001 0.002 1000.0 1 0 0 0
forceCtrlZ 0.001 0.002 1000.0 1 0 0 0
forceCtrlZ 0.001 0.002 1000.0 1 0 0 0
forceCtrlZ 0.001 0.002 1000.0 1 0 0 0
forceCtrlZ 0.001 0.002 1000.0 1 0 0 0
forceCtrlZ 0.001 0.002 1000.0 1 0 0 0
forceCtrlZ 0.001 0.002 1000.0 1 0 0 0
forceCtrlZ 0.001 0.002 1000.0 1 0 0 0
forceCtrlZ 0.001 0.002 1000.0 1 0 0 0
forceCtrlZ 0.001 0.002 1000.0 1 0 0 0
forceCtrlZ 0.001 0.002 1000.0 1 0 0 0
forceCtrlZ 0.001 0.002 1000.0 1 0 0 0
forceCtrlZ 0.001 0.002 1000.0 1 0 0 0
forceCtrlZ 0.001 0.002 1000.0 1 0 0 0
forceCtrlZ 0.001 0.002 1000.0 1 0 0 0
forceCtrlZ 0.001 0.002 1000.0 1 0 0 0
forceCtrlZ 0.001 0.002 1000.0 1 0 0 0
forceCtrlZ 0.001 0.002 1000.0 1 0 0 0
forceCtrlZ 0.001 0.002 1000.0 1 0 0 0
forceCtrlZ 0.001 0.002 1000.0 1 0 0 0
forceCtrlZ 0.001 0.002 1000.0 1 0 0 0
forceCtrlZ 0.001 0.002 1000.0 1 0 0 0
forceCtrlZ 0.001 0.002 1000.0 1 0 0 0
forceCtrlZ 0.001 0.002 1000.0 1 0 0 0
forceCtrlZ 0.001 0.002 1000.0 1 0 0 0
forceCtrlZ 0.001 0.002 1000.0 1 0 0 0
forceCtrlZ 0.001 0.002 1000.0 1 0 0 0
forceCtrlZ 0.001 0.002 1000.0 1 0 0 0
forceCtrlZ 0.001 0.002 1000.0 1 0 0 0
forceCtrlZ 0.001 0.002 1000.0 1 0 0 0
forceCtrlZ 0.001 0.002 1000.0 1 0 0 0
forceCtrlZ 0.001 0.002 1000.0 1 0 0 0
forceCtrlZ 0.001 0.002 1000.0 1 0 0 0
forceCtrlZ 0.001 0.002 1000.0 1 0 0 0
forceCtrlZ 0.001 0.002 1000.0 1 0 0 0
forceCtrlZ 0.001 0.002 1000.0 1 0 0 0
forceCtrlZ 0.001 0.002 1000.0 1 0 0 0
forceCtrlZ 0.001 0.002 1000.0 1 0 0 0
forceCtrlZ 0.001 0.002 1000.0 1 0 0 0
forceCtrlZ 0.001 0.002 1000.0 1 0 0 0
forceCtrlZ 0.001 0.002 1000.0 1 0 0 0
forceCtrlZ 0.001 0.002 1000.0 1 0 0 0
forceCtrlZ 0.001 0.002 1000.0 1 0 0 0
forceCtrlZ 0.001 0.002 1000.0 1 0 0 0
forceCtrlZ 0.001 0.002 1000.0 1 0 0 0
forceCtrlZ 0.001 0.002 1000.0 1 0 0 0
forceCtrlZ 0.001 0.002 1000.0 1 0 0 0
forceCtrlZ 0.001 0.002 1000.0 1 0 0 0
forceCtrlZ 0.001 0.002 1000.0 1 0 0 0
forceCtrlZ 0.001 0.002 1000.0 1 0 0 0
forceCtrlZ 0.001 0.002 1000.0 1 0 0 0
forceCtrlZ 0.001 0.002 1000.0 1 0 0 0
forceCtrlZ 0.001 0.002 1000.0 1 0 0 0
forceCtrlZ 0.001 0.002 1000.0 1 0 0 0
forceCtrlZ 0.001 0.002 1000.0 1 0 0 0
forceCtrlZ 0.001 0.002 1000.0 1 0 0 0
forceCtrlZ 0.001 0.002 1000.0 1 0 0 0
forceCtrlZ 0.001 0.002 1000.0 1 0 0 0
forceCtrlZ 0.001 0.002 1000.0 1 0 0 0
forceCtrlZ 0.001 0.002 1000.0 1 0 0 0
forceCtrlZ 0.001 0.002 1000.0 1 0 0 0
forceCtrlZ 0.001 0.002 1000.0 1 0 0 0
forceCtrlZ 0.001 0.002 1000.0 1 0 0 0
forceCtrlZ 0.001 0.002 1000.0 1 0 0 0
forceCtrlZ 0.001 0.002 1000.0 1 0 0 0
forceCtrlZ 0.001 0.002 1000.0 1 0 0 0
forceCtrlZ 0.001 0.002 1000.0 1 0 0 0
forceCtrlZ 0.001 0.002 1000.0 1 0 0 0
forceCtrlZ 0.001 0.002 1000.0 1 0 0 0
forceCtrlZ 0.001 0.002 1000.0 1 0 0 0
forceCtrlZ 0.001 0.002 1000.0 1 0 0 0
forceCtrlZ 0.001 0.002 1000.0 1 0 0 0
forceCtrlZ 0.001 0.002 1000.0 1 0 0 0
forceCtrlZ 0.001 0.002 1000.0 1 0 0 0
forceCtrlZ 0.001 0.002 1000.0 1 0 0 0
forceCtrlZ 0.001 0.002 1000.0 1 0 0 0
forceCtrlZ 0.001 0.002 1000.0 1 0 0 0
forceCtrlZ 0.001 0.002 1000.0 1 0 0 0
forceCtrlZ 0.001 0.002 1000.0 1 0 0 0
forceCtrlZ 0.001 0.002 1000.0 1 0 0 0
forceCtrlZ 0.001 0.002 1000.0 1 0 0 0
forceCtrlZ 0.001 0.002 1000.0 1 0 0 0
forceCtrlZ 0.001 0.002 1000.0 1 0 0 0
forceCtrlZ 0.001 0.002 1000.0 1 0 0 0
forceCtrlZ 0.001 0.002 1000.0 1 0 0 0
forceCtrlZ 0.001 0.002 1000.0 1 0 0 0
forceCtrlZ 0.001 0.002 1000.0 1 0 0 0
forceCtrlZ 0.001 0.002 1000.0 1 0 0 0
forceCtrlZ 0.001 0.002 1000.0 1 0 0 0
forceCtrlZ 0.001 0.002 1000.0 1 0 0 0
forceCtrlZ 0.001 0.002 1000.0 1 0 0 0
forceCtrlZ 0.001 0.002 1000.0 1 0 0 0
forceCtrlZ 0.001 0.002 1000.0 1 0 0 0
forceCtrlZ 0.001 0.002 1000.0 1 0 0 0
forceCtrlZ 0.001 0.002 1000.0 1 0 0 0
forceCtrlZ 0.001 0.002 1000.0 1 0 0 0
forceCtrlZ 0.001 0.002 1000.0 1 0 0 0
forceCtrlZ 0.001 0.002 1000.0 1 0 0 0
forceCtrlZ 0.001 0.002 1000.0 1 0 0 0
forceCtrlZ 0.001 0.002 1000.0 1 0 0 0
forceCtrlZ 0.001 0.002 1000.0 1 0 0 0
forceCtrlZ 0.001 0.002 995.7553956839098 1 0 0 0
forceCtrlZ 0.001 0.002 992.1582733817543 1 0 0 0
forceCtrlZ 0.001 0.002 988.5611510795986 1 0 0 0
forceCtrlZ 0.001 0.002 984.964028777443 1 0 0 0
forceCtrlZ 0.001 0.002 981.3669064752874 1 0 0 0
forceCtrlZ 0.001 0.002 977.7697841731317 1 0 0 0
forceCtrlZ 0.001 0.002 974.1726618709762 1 0 0 0
forceCtrlZ 0.001 0.002 970.5755395688205 1 0 0 0
forceCtrlZ 0.001 0.002 966.9784172666649 1 0 0 0
forceCtrlZ 0.001 0.002 963.3812949645093 1 0 0 0
forceCtrlZ 0.001 0.002 959.7841726623536 1 0 0 0
forceCtrlZ 0.001 0.002 956.187050360198 1 0 0 0
forceCtrlZ 0.001 0.002 952.5899280580423 1 0 0 0
forceCtrlZ 0.001 0.002 948.9928057558867 1 0 0 0
forceCtrlZ 0.001 0.002 945.3956834537311 1 0 0 0
forceCtrlZ 0.001 0.002 941.7985611515753 1 0 0 0
forceCtrlZ 0.001 0.002 938.2014388494198 1 0 0 0
forceCtrlZ 0.001 0.002 934.6043165472641 1 0 0 0
forceCtrlZ 0.001 0.002 931.0071942451085 1 0 0 0
forceCtrlZ 0.001 0.002 927.4100719429529 1 0 0 0
forceCtrlZ 0.001 0.002 923.8129496407972 1 0 0 0
forceCtrlZ 0.001 0.002 920.2158273386416 1 0 0 0
forceCtrlZ 0.001 0.002 916.618705036486 1 0 0 0
forceCtrlZ 0.001 0.002 913.0215827343304 1 0 0 0
forceCtrlZ 0.001 0.002 909.4244604321748 1 0 0 0
forceCtrlZ 0.001 0.002 905.8273381300191 1 0 0 0
forceCtrlZ 0.001 0.002 902.2302158278635 1 0 0 0
forceCtrlZ 0.001 0.002 898.6330935257079 1 0 0 0
forceCtrlZ 0.001 0.002 895.0359712235522 1 0 0 0
forceCtrlZ 0.001 0.002 891.4388489213966 1 0 0 0
forceCtrlZ 0.001 0.002 887.841726619241 1 0 0 0
forceCtrlZ 0.001 0.002 884.2446043170854 1 0 0 0
forceCtrlZ 0.001 0.002 880.6474820149298 1 0 0 0
forceCtrlZ 0.001 0.002 877.0503597127741 1 0 0 0
forceCtrlZ 0.001 0.002 873.4532374106185 1 0 0 0
forceCtrlZ 0.001 0.002 869.8561151084629 1 0 0 0
forceCtrlZ 0.001 0.002 866.2589928063072 1 0 0 0
forceCtrlZ 0.001 0.002 862.6618705041516 1 0 0 0
forceCtrlZ 0.001 0.002 859.0647482019958 1 0 0 0
forceCtrlZ 0.001 0.002 855.4676258998402 1 0 0 0
forceCtrlZ 0.001 0.002 851.8705035976845 1 0 0 0
forceCtrlZ 0.001 0.002 848.2733812955289 1 0 0 0
forceCtrlZ 0.001 0.002 844.6762589933734 1 0 0 0
forceCtrlZ 0.001 0.002 841.0791366912177 1 0 0 0
forceCtrlZ 0.001 0.002 837.4820143890621 1 0 0 0
forceCtrlZ 0.001 0.002 833.8848920869065 1 0 0 0
forceCtrlZ 0.001 0.002 830.2877697847508 1 0 0 0
forceCtrlZ 0.001 0.002 826.6906474825953 1 0 0 0
forceCtrlZ 0.001 0.002 823.0935251804397 1 0 0 0
forceCtrlZ 0.001 0.002 819.496402878284 1 0 0 0
forceCtrlZ 0.001 0.002 815.8992805761284 1 0 0 0
forceCtrlZ 0.001 0.002 812.3021582739727 1 0 0 0
forceCtrlZ 0.001 0.002 808.7050359718171 1 0 0 0
forceCtrlZ 0.001 0.002 805.1079136696615 1 0 0 0
forceCtrlZ 0.001 0.002 801.5107913675058 1 0 0 0
forceCtrlZ 0.001 0.002 797.9136690653502 1 0 0 0
forceCtrlZ 0.001 0.002 794.3165467631945 1 0 0 0
forceCtrlZ 0.001 0.002 790.719424461039 1 0 0 0
forceCtrlZ 0.001 0.002 787.1223021588834 1 0 0 0
forceCtrlZ 0.001 0.002 783.5251798567277 1 0 0 0
forceCtrlZ 0.001 0.002 779.9280575545721 1 0 0 0
forceCtrlZ 0.001 0.002 776.3309352524163 1 0 0 0
forceCtrlZ 0.001 0.002 772.7338129502607 1 0 0 0
forceCtrlZ 0.001 0.002 769.1366906481051 1 0 0 0
forceCtrlZ 0.001 0.002 765.5395683459494 1 0 0 0
forceCtrlZ 0.001 0.002 761.9424460437938 1 0 0 0
forceCtrlZ 0.001 0.002 758.3453237416381 1 0 0 0
forceCtrlZ 0.001 0.002 754.7482014394826 1 0 0 0
forceCtrlZ 0.001 0.002 751.151079137327 1 0 0 0
forceCtrlZ 0.001 0.002 747.5539568351713 1 0 0 0
forceCtrlZ 0.001 0.002 743.9568345330157 1 0 0 0
forceCtrlZ 0.001 0.002 740.3597122308602 1 0 0 0
forceCtrlZ 0.001 0.002 736.7625899287044 1 0 0 0
forceCtrlZ 0.001 0.002 733.1654676265489 1 0 0 0
forceCtrlZ 0.001 0.002 729.5683453243932 1 0 0 0
forceCtrlZ 0.001 0.002 725.9712230222376 1 0 0 0
forceCtrlZ 0.001 0.002 722.374100720082 1 0 0 0
forceCtrlZ 0.001 0.002 718.7769784179263 1 0 0 0
forceCtrlZ 0.001 0.002 715.1798561157707 1 0 0 0
forceCtrlZ 0.001 0.002 711.582733813615 1 0 0 0
forceCtrlZ 0.001 0.002 707.9856115114594 1 0 0 0
forceCtrlZ 0.001 0.002 704.3884892093038 1 0 0 0
forceCtrlZ 0.001 0.002 700.7913669071481 1 0 0 0
forceCtrlZ 0.001 0.002 697.1942446049925 1 0 0 0
forceCtrlZ 0.001 0.002 693.5971223028369 1 0 0 0
forceCtrlZ 0.001 0.002 690.0000000006812 1 0 0 0
forceCtrlZ 0.001 0.002 686.4028776985257 1 0 0 0
forceCtrlZ 0.001 0.002 682.8057553963699 1 0 0 0
forceCtrlZ 0.001 0.002 679.2086330942144 1 0 0 0
forceCtrlZ 0.001 0.002 675.6115107920587 1 0 0 0
forceCtrlZ 0.001 0.002 672.014388489903 1 0 0 0
forceCtrlZ 0.001 0.002 668.4172661877475 1 0 0 0
forceCtrlZ 0.001 0.002 664.8201438855917 1 0 0 0
forceCtrlZ 0.001 0.002 661.2230215834362 1 0 0 0
forceCtrlZ 0.001 0.002 657.6258992812806 1 0 0 0
forceCtrlZ 0.001 0.002 654.0287769791249 1 0 0 0
forceCtrlZ 0.001 0.002 650.4316546769694 1 0 0 0
forceCtrlZ 0.001 0.002 646.8345323748136 1 0 0 0
forceCtrlZ 0.001 0.002 643.2374100726581 1 0 0 0
forceCtrlZ 0.001 0.002 639.6402877705025 1 0 0 0
forceCtrlZ 0.001 0.002 636.0431654683468 1 0 0 0
forceCtrlZ 0.001 0.002 632.4460431661912 1 0 0 0
forceCtrlZ 0.001 0.002 628.8489208640354 1 0 0 0
forceCtrlZ 0.001 0.002 625.2517985618799 1 0 0 0
forceCtrlZ 0.001 0.002 621.6546762597243 1 0 0 0
forceCtrlZ 0.001 0.002 618.0575539575686 1 0 0 0
forceCtrlZ 0.001 0.002 614.460431655413 1 0 0 0
forceCtrlZ 0.001 0.002 610.8633093532574 1 0 0 0
forceCtrlZ 0.001 0.002 607.2661870511017 1 0 0 0
forceCtrlZ 0.001 0.002 603.6690647489461 1 0 0 0
forceCtrlZ 0.001 0.002 600.0719424467904 1 0 0 0
forceCtrlZ 0.001 0.002 596.4748201446348 1 0 0 0
forceCtrlZ 0.001 0.002 592.8776978424792 1 0 0 0
forceCtrlZ 0.001 0.002 589.2805755403235 1 0 0 0
forceCtrlZ 0.001 0.002 585.6834532381679 1 0 0 0
forceCtrlZ 0.001 0.002 582.0863309360122 1 0 0 0
forceCtrlZ 0.001 0.002 578.4892086338567 1 0 0 0
forceCtrlZ 0.001 0.002 574.892086331701 1 0 0 0
forceCtrlZ 0.001 0.002 571.2949640295454 1 0 0 0
forceCtrlZ 0.001 0.002 567.6978417273898 1 0 0 0
forceCtrlZ 0.001 0.002 564.1007194252342 1 0 0 0
forceCtrlZ 0.001 0.002 560.5035971230785 1 0 0 0
forceCtrlZ 0.001 0.002 556.9064748209229 1 0 0 0
forceCtrlZ 0.001 0.002 553.3093525187672 1 0 0 0
forceCtrlZ 0.001 0.002 549.7122302166116 1 0 0 0
forceCtrlZ 0.001 0.002 546.115107914456 1 0 0 0
forceCtrlZ 0.001 0.002 542.5179856123003 1 0 0 0
forceCtrlZ 0.001 0.002 538.9208633101448 1 0 0 0
forceCtrlZ 0.001 0.002 535.323741007989 1 0 0 0
forceCtrlZ 0.001 0.002 531.7266187058335 1 0 0 0
forceCtrlZ 0.001 0.002 528.1294964036779 1 0 0 0
forceCtrlZ 0.001 0.002 524.5323741015222 1 0 0 0
forceCtrlZ 0.001 0.002 520.9352517993666 1 0 0 0
forceCtrlZ 0.001 0.002 517.338129497211 1 0 0 0
forceCtrlZ 0.001 0.002 513.7410071950553 1 0 0 0
forceCtrlZ 0.001 0.002 510.1438848928997 1 0 0 0
forceCtrlZ 0.001 0.002 506.5467625907441 1 0 0 0
forceCtrlZ 0.001 0.002 502.94964028858845 1 0 0 0
forceCtrlZ 0.001 0.002 500.79136690729376 1 0 0 0
forceCtrlZ 0.001 0.002 500.0719424468602 1 0 0 0
forceCtrlZ 0.001 0.002 500.0719424468602 1 0 0 0
forceCtrlZ 0.001 0.002 498.47194244686017 1 0 0 0
forceCtrlZ 0.001 0.002 496.87194244686015 1 0 0 0
forceCtrlZ 0.001 0.002 495.2719424468601 1 0 0 0
forceCtrlZ 0.001 0.002 493.6719424468601 1 0 0 0
forceCtrlZ 0.001 0.002 492.0719424468601 1 0 0 0
forceCtrlZ 0.001 0.002 490.47194244686006 1 0 0 0
forceCtrlZ 0.001 0.002 488.87194244686003 1 0 0 0
forceCtrlZ 0.001 0.002 487.27194244686 1 0 0 0
forceCtrlZ 0.001 0.002 485.67194244686 1 0 0 0
forceCtrlZ 0.001 0.002 484.07194244685996 1 0 0 0
forceCtrlZ 0.001 0.002 482.47194244685994 1 0 0 0
forceCtrlZ 0.001 0.002 480.8719424468599 1 0 0 0
forceCtrlZ 0.001 0.002 479.2719424468599 1 0 0 0
forceCtrlZ 0.001 0.002 477.6719424468599 1 0 0 0
forceCtrlZ 0.001 0.002 476.07194244685985 1 0 0 0
forceCtrlZ 0.001 0.002 474.4719424468598 1 0 0 0
forceCtrlZ 0.001 0.002 472.8719424468598 1 0 0 0
forceCtrlZ 0.001 0.002 471.2719424468598 1 0 0 0
forceCtrlZ 0.001 0.002 469.67194244685976 1 0 0 0
forceCtrlZ 0.001 0.002 468.07194244685974 1 0 0 0
forceCtrlZ 0.001 0.002 466.4719424468597 1 0 0 0
forceCtrlZ 0.001 0.002 464.8719424468597 1 0 0 0
forceCtrlZ 0.001 0.002 463.27194244685967 1 0 0 0
forceCtrlZ 0.001 0.002 461.67194244685965 1 0 0 0
forceCtrlZ 0.001 0.002 460.0719424468596 1 0 0 0
forceCtrlZ 0.001 0.002 458.4719424468596 1 0 0 0
forceCtrlZ 0.001 0.002 456.8719424468596 1 0 0 0
forceCtrlZ 0.001 0.002 455.27194244685955 1 0 0 0
forceCtrlZ 0.001 0.002 453.67194244685953 1 0 0 0
forceCtrlZ 0.001 0.002 452.0719424468595 1 0 0 0
forceCtrlZ 0.001 0.002 450.4719424468595 1 0 0 0
forceCtrlZ 0.001 0.002 448.87194244685946 1 0 0 0
forceCtrlZ 0.001 0.002 447.27194244685944 1 0 0 0
forceCtrlZ 0.001 0.002 445.6719424468594 1 0 0 0
forceCtrlZ 0.001 0.002 444.0719424468594 1 0 0 0
forceCtrlZ 0.001 0.002 442.4719424468594 1 0 0 0
forceCtrlZ 0.001 0.002 440.87194244685935 1 0 0 0
forceCtrlZ 0.001 0.002 439.2719424468593 1 0 0 0
forceCtrlZ 0.001 0.002 437.6719424468593 1 0 0 0
forceCtrlZ 0.001 0.002 436.0719424468593 1 0 0 0
forceCtrlZ 0.001 0.002 434.47194244685926 1 0 0 0
forceCtrlZ 0.001 0.002 432.87194244685924 1 0 0 0
forceCtrlZ 0.001 0.002 431.2719424468592 1 0 0 0
forceCtrlZ 0.001 0.002 429.6719424468592 1 0 0 0
forceCtrlZ 0.001 0.002 428.07194244685917 1 0 0 0
forceCtrlZ 0.001 0.002 426.47194244685915 1 0 0 0
forceCtrlZ 0.001 0.002 424.8719424468591 1 0 0 0
forceCtrlZ 0.001 0.002 423.2719424468591 1 0 0 0
forceCtrlZ 0.001 0.002 421.6719424468591 1 0 0 0
forceCtrlZ 0.001 0.002 420.07194244685905 1 0 0 0
forceCtrlZ 0.001 0.002 418.47194244685903 1 0 0 0
forceCtrlZ 0.001 0.002 416.871942446859 1 0 0 0
forceCtrlZ 0.001 0.002 415.271942446859 1 0 0 0
forceCtrlZ 0.001 0.002 413.67194244685896 1 0 0 0
forceCtrlZ 0.001 0.002 412.07194244685894 1 0 0 0
forceCtrlZ 0.001 0.002 410.4719424468589 1 0 0 0
forceCtrlZ 0.001 0.002 408.8719424468589 1 0 0 0
forceCtrlZ 0.001 0.002 407.2719424468589 1 0 0 0
forceCtrlZ 0.001 0.002 405.67194244685885 1 0 0 0
forceCtrlZ 0.001 0.002 404.0719424468588 1 0 0 0
forceCtrlZ 0.001 0.002 402.4719424468588 1 0 0 0
forceCtrlZ 0.001 0.002 400.8719424468588 1 0 0 0
forceCtrlZ 0.001 0.002 399.27194244685876 1 0 0 0
forceCtrlZ 0.001 0.002 397.67194244685874 1 0 0 0
forceCtrlZ 0.001 0.002 396.0719424468587 1 0 0 0
forceCtrlZ 0.001 0.002 394.4719424468587 1 0 0 0
forceCtrlZ 0.001 0.002 392.87194244685867 1 0 0 0
forceCtrlZ 0.001 0.002 391.27194244685865 1 0 0 0
forceCtrlZ 0.001 0.002 389.6719424468586 1 0 0 0
forceCtrlZ 0.001 0.002 388.0719424468586 1 0 0 0
forceCtrlZ 0.001 0.002 386.4719424468586 1 0 0 0
forceCtrlZ 0.001 0.002 384.87194244685855 1 0 0 0
forceCtrlZ 0.001 0.002 383.27194244685853 1 0 0 0
forceCtrlZ 0.001 0.002 381.6719424468585 1 0 0 0
forceCtrlZ 0.001 0.002 380.0719424468585 1 0 0 0
forceCtrlZ 0.001 0.002 378.47194244685846 1 0 0 0
forceCtrlZ 0.001 0.002 376.87194244685844 1 0 0 0
forceCtrlZ 0.001 0.002 375.2719424468584 1 0 0 0
forceCtrlZ 0.001 0.002 373.6719424468584 1 0 0 0
forceCtrlZ 0.001 0.002 372.0719424468584 1 0 0 0
forceCtrlZ 0.001 0.002 370.47194244685835 1 0 0 0
forceCtrlZ 0.001 0.002 368.8719424468583 1 0 0 0
forceCtrlZ 0.001 0.002 367.2719424468583 1 0 0 0
forceCtrlZ 0.001 0.002 365.6719424468583 1 0 0 0
forceCtrlZ 0.001 0.002 364.07194244685826 1 0 0 0
forceCtrlZ 0.001 0.002 362.47194244685824 1 0 0 0
forceCtrlZ 0.001 0.002 360.8719424468582 1 0 0 0
forceCtrlZ 0.001 0.002 359.2719424468582 1 0 0 0
forceCtrlZ 0.001 0.002 357.67194244685817 1 0 0 0
forceCtrlZ 0.001 0.002 356.07194244685815 1 0 0 0
forceCtrlZ 0.001 0.002 354.4719424468581 1 0 0 0
forceCtrlZ 0.001 0.002 352.8719424468581 1 0 0 0
forceCtrlZ 0.001 0.002 351.2719424468581 1 0 0 0
forceCtrlZ 0.001 0.002 349.67194244685805 1 0 0 0
forceCtrlZ 0.001 0.002 348.07194244685803 1 0 0 0
forceCtrlZ 0.001 0.002 346.471942446858 1 0 0 0
forceCtrlZ 0.001 0.002 344.871942446858 1 0 0 0
forceCtrlZ 0.001 0.002 343.27194244685796 1 0 0 0
forceCtrlZ 0.001 0.002 341.67194244685794 1 0 0 0
forceCtrlZ 0.001 0.002 340.0719424468579 1 0 0 0
forceCtrlZ 0.001 0.002 338.4719424468579 1 0 0 0
forceCtrlZ 0.001 0.002 336.8719424468579 1 0 0 0
forceCtrlZ 0.001 0.002 335.27194244685785 1 0 0 0
forceCtrlZ 0.001 0.002 333.6719424468578 1 0 0 0
forceCtrlZ 0.001 0.002 332.0719424468578 1 0 0 0
forceCtrlZ 0.001 0.002 330.4719424468578 1 0 0 0
forceCtrlZ 0.001 0.002 328.87194244685776 1 0 0 0
forceCtrlZ 0.001 0.002 327.27194244685774 1 0 0 0
forceCtrlZ 0.001 0.002 325.6719424468577 1 0 0 0
forceCtrlZ 0.001 0.002 324.0719424468577 1 0 0 0
forceCtrlZ 0.001 0.002 322.47194244685767 1 0 0 0
forceCtrlZ 0.001 0.002 320.87194244685764 1 0 0 0
forceCtrlZ 0.001 0.002 319.2719424468576 1 0 0 0
forceCtrlZ 0.001 0.002 317.6719424468576 1 0 0 0
forceCtrlZ 0.001 0.002 316.0719424468576 1 0 0 0
forceCtrlZ 0.001 0.002 314.47194244685755 1 0 0 0
forceCtrlZ 0.001 0.002 312.87194244685753 1 0 0 0
forceCtrlZ 0.001 0.002 311.2719424468575 1 0 0 0
forceCtrlZ 0.001 0.002 309.6719424468575 1 0 0 0
forceCtrlZ 0.001 0.002 308.07194244685746 1 0 0 0
forceCtrlZ 0.001 0.002 306.47194244685744 1 0 0 0
forceCtrlZ 0.001 0.002 304.8719424468574 1 0 0 0
forceCtrlZ 0.001 0.002 303.2719424468574 1 0 0 0
forceCtrlZ 0.001 0.002 301.6719424468574 1 0 0 0
forceCtrlZ 0.001 0.002 300.07194244685735 1 0 0 0
forceCtrlZ 0.001 0.002 298.4719424468573 1 0 0 0
forceCtrlZ 0.001 0.002 296.8719424468573 1 0 0 0
forceCtrlZ 0.001 0.002 295.2719424468573 1 0 0 0
forceCtrlZ 0.001 0.002 293.67194244685726 1 0 0 0
forceCtrlZ 0.001 0.002 292.07194244685724 1 0 0 0
forceCtrlZ 0.001 0.002 290.4719424468572 1 0 0 0
forceCtrlZ 0.001 0.002 288.8719424468572 1 0 0 0
forceCtrlZ 0.001 0.002 287.27194244685717 1 0 0 0
forceCtrlZ 0.001 0.002 285.67194244685714 1 0 0 0
forceCtrlZ 0.001 0.002 284.0719424468571 1 0 0 0
forceCtrlZ 0.001 0.002 282.4719424468571 1 0 0 0
forceCtrlZ 0.001 0.002 280.8719424468571 1 0 0 0
forceCtrlZ 0.001 0.002 279.27194244685705 1 0 0 0
forceCtrlZ 0.001 0.002 277.67194244685703 1 0 0 0
forceCtrlZ 0.001 0.002 276.071942446857 1 0 0 0
forceCtrlZ 0.001 0.002 274.471942446857 1 0 0 0
forceCtrlZ 0.001 0.002 272.87194244685696 1 0 0 0
forceCtrlZ 0.001 0.002 271.27194244685694 1 0 0 0
forceCtrlZ 0.001 0.002 269.6719424468569 1 0 0 0
forceCtrlZ 0.001 0.002 268.0719424468569 1 0 0 0
forceCtrlZ 0.001 0.002 266.4719424468569 1 0 0 0
forceCtrlZ 0.001 0.002 264.87194244685685 1 0 0 0
forceCtrlZ 0.001 0.002 263.2719424468568 1 0 0 0
forceCtrlZ 0.001 0.002 261.6719424468568 1 0 0 0
forceCtrlZ 0.001 0.002 260.0719424468568 1 0 0 0
forceCtrlZ 0.001 0.002 258.47194244685676 1 0 0 0
forceCtrlZ 0.001 0.002 256.87194244685674 1 0 0 0
forceCtrlZ 0.001 0.002 255.27194244685674 1 0 0 0
forceCtrlZ 0.001 0.002 253.67194244685675 1 0 0 0
forceCtrlZ 0.001 0.002 252.07194244685675 1 0 0 0
forceCtrlZ 0.001 0.002 250.47194244685676 1 0 0 0
forceCtrlZ 0.001 0.002 248.87194244685676 1 0 0 0
forceCtrlZ 0.001 0.002 247.27194244685677 1 0 0 0
forceCtrlZ 0.001 0.002 245.67194244685678 1 0 0 0
forceCtrlZ 0.001 0.002 244.07194244685678 1 0 0 0
forceCtrlZ 0.001 0.002 242.4719424468568 1 0 0 0
forceCtrlZ 0.001 0.002 240.8719424468568 1 0 0 0
forceCtrlZ 0.001 0.002 239.2719424468568 1 0 0 0
forceCtrlZ 0.001 0.002 237.6719424468568 1 0 0 0
forceCtrlZ 0.001 0.002 236.0719424468568 1 0 0 0
forceCtrlZ 0.001 0.002 234.47194244685681 1 0 0 0
forceCtrlZ 0.001 0.002 232.87194244685682 1 0 0 0
forceCtrlZ 0.001 0.002 231.27194244685683 1 0 0 0
forceCtrlZ 0.001 0.002 229.67194244685683 1 0 0 0
forceCtrlZ 0.001 0.002 228.07194244685684 1 0 0 0
forceCtrlZ 0.001 0.002 226.47194244685684 1 0 0 0
forceCtrlZ 0.001 0.002 224.87194244685685 1 0 0 0
forceCtrlZ 0.001 0.002 223.27194244685685 1 0 0 0
forceCtrlZ 0.001 0.002 221.67194244685686 1 0 0 0
forceCtrlZ 0.001 0.002 220.07194244685687 1 0 0 0
forceCtrlZ 0.001 0.002 218.47194244685687 1 0 0 0
forceCtrlZ 0.001 0.002 216.87194244685688 1 0 0 0
forceCtrlZ 0.001 0.002 215.27194244685688 1 0 0 0
forceCtrlZ 0.001 0.002 213.6719424468569 1 0 0 0
forceCtrlZ 0.001 0.002 212.0719424468569 1 0 0 0
forceCtrlZ 0.001 0.002 210.4719424468569 1 0 0 0
forceCtrlZ 0.001 0.002 208.8719424468569 1 0 0 0
forceCtrlZ 0.001 0.002 207.2719424468569 1 0 0 0
forceCtrlZ 0.001 0.002 205.67194244685692 1 0 0 0
forceCtrlZ 0.001 0.002 204.07194244685692 1 0 0 0
forceCtrlZ 0.001 0.002 202.47194244685693 1 0 0 0
forceCtrlZ 0.001 0.002 200.87194244685693 1 0 0 0
forceCtrlZ 0.001 0.002 199.27194244685694 1 0 0 0
forceCtrlZ 0.001 0.002 197.67194244685695 1 0 0 0
forceCtrlZ 0.001 0.002 196.07194244685695 1 0 0 0
forceCtrlZ 0.001 0.002 194.47194244685696 1 0 0 0
forceCtrlZ 0.001 0.002 192.87194244685696 1 0 0 0
forceCtrlZ 0.001 0.002 191.27194244685697 1 0 0 0
forceCtrlZ 0.001 0.002 189.67194244685697 1 0 0 0
forceCtrlZ 0.001 0.002 188.07194244685698 1 0 0 0
forceCtrlZ 0.001 0.002 186.47194244685699 1 0 0 0
forceCtrlZ 0.001 0.002 184.871942446857 1 0 0 0
forceCtrlZ 0.001 0.002 183.271942446857 1 0 0 0
forceCtrlZ 0.001 0.002 181.671942446857 1 0 0 0
forceCtrlZ 0.001 0.002 180.071942446857 1 0 0 0
forceCtrlZ 0.001 0.002 178.471942446857 1 0 0 0
forceCtrlZ 0.001 0.002 176.87194244685702 1 0 0 0
forceCtrlZ 0.001 0.002 175.27194244685703 1 0 0 0
forceCtrlZ 0.001 0.002 173.67194244685703 1 0 0 0
forceCtrlZ 0.001 0.002 172.07194244685704 1 0 0 0
forceCtrlZ 0.001 0.002 170.47194244685704 1 0 0 0
forceCtrlZ 0.001 0.002 168.87194244685705 1 0 0 0
forceCtrlZ 0.001 0.002 167.27194244685705 1 0 0 0
forceCtrlZ 0.001 0.002 165.67194244685706 1 0 0 0
forceCtrlZ 0.001 0.002 164.07194244685707 1 0 0 0
forceCtrlZ 0.001 0.002 162.47194244685707 1 0 0 0
forceCtrlZ 0.001 0.002 160.87194244685708 1 0 0 0
forceCtrlZ 0.001 0.002 159.27194244685708 1 0 0 0
forceCtrlZ 0.001 0.002 157.6719424468571 1 0 0 0
forceCtrlZ 0.001 0.002 156.0719424468571 1 0 0 0
forceCtrlZ 0.001 0.002 154.4719424468571 1 0 0 0
forceCtrlZ 0.001 0.002 152.8719424468571 1 0 0 0
forceCtrlZ 0.001 0.002 151.2719424468571 1 0 0 0
forceCtrlZ 0.001 0.002 149.67194244685712 1 0 0 0
forceCtrlZ 0.001 0.002 148.07194244685712 1 0 0 0
forceCtrlZ 0.001 0.002 146.47194244685713 1 0 0 0
forceCtrlZ 0.001 0.002 144.87194244685713 1 0 0 0
forceCtrlZ 0.001 0.002 143.27194244685714 1 0 0 0
forceCtrlZ 0.001 0.002 141.67194244685714 1 0 0 0
forceCtrlZ 0.001 0.002 140.07194244685715 1 0 0 0
forceCtrlZ 0.001 0.002 138.47194244685716 1 0 0 0
forceCtrlZ 0.001 0.002 136.87194244685716 1 0 0 0
forceCtrlZ 0.001 0.002 135.27194244685717 1 0 0 0
forceCtrlZ 0.001 0.002 133.67194244685717 1 0 0 0
forceCtrlZ 0.001 0.002 132.07194244685718 1 0 0 0
forceCtrlZ 0.001 0.002 130.47194244685718 1 0 0 0
forceCtrlZ 0.001 0.002 128.8719424468572 1 0 0 0
forceCtrlZ 0.001 0.002 127.2719424468572 1 0 0 0
forceCtrlZ 0.001 0.002 125.6719424468572 1 0 0 0
forceCtrlZ 0.001 0.002 124.07194244685721 1 0 0 0
forceCtrlZ 0.001 0.002 122.47194244685721 1 0 0 0
forceCtrlZ 0.001 0.002 120.87194244685722 1 0 0 0
forceCtrlZ 0.001 0.002 119.27194244685722 1 0 0 0
forceCtrlZ 0.001 0.002 117.67194244685723 1 0 0 0
forceCtrlZ 0.001 0.002 116.07194244685724 1 0 0 0
forceCtrlZ 0.001 0.002 114.47194244685724 1 0 0 0
forceCtrlZ 0.001 0.002 112.87194244685725 1 0 0 0
forceCtrlZ 0.001 0.002 111.27194244685725 1 0 0 0
forceCtrlZ 0.001 0.002 109.67194244685726 1 0 0 0
forceCtrlZ 0.001 0.002 108.07194244685726 1 0 0 0
forceCtrlZ 0.001 0.002 106.47194244685727 1 0 0 0
forceCtrlZ 0.001 0.002 104.87194244685728 1 0 0 0
forceCtrlZ 0.001 0.002 103.27194244685728 1 0 0 0
forceCtrlZ 0.001 0.002 101.67194244685729 1 0 0 0
forceCtrlZ 0.001 0.002 100.07194244685729 1 0 0 0
forceCtrlZ 0.001 0.002 98.4719424468573 1 0 0 0
forceCtrlZ 0.001 0.002 96.8719424468573 1 0 0 0
forceCtrlZ 0.001 0.002 95.27194244685731 1 0 0 0
forceCtrlZ 0.001 0.002 93.67194244685732 1 0 0 0
forceCtrlZ 0.001 0.002 92.07194244685732 1 0 0 0
forceCtrlZ 0.001 0.002 90.47194244685733 1 0 0 0
forceCtrlZ 0.001 0.002 88.87194244685733 1 0 0 0
forceCtrlZ 0.001 0.002 87.27194244685734 1 0 0 0
forceCtrlZ 0.001 0.002 85.67194244685734 1 0 0 0
forceCtrlZ 0.001 0.002 84.07194244685735 1 0 0 0
forceCtrlZ 0.001 0.002 82.47194244685735 1 0 0 0
forceCtrlZ 0.001 0.002 80.87194244685736 1 0 0 0
forceCtrlZ 0.001 0.002 79.27194244685737 1 0 0 0
forceCtrlZ 0.001 0.002 77.67194244685737 1 0 0 0
forceCtrlZ 0.001 0.002 76.07194244685738 1 0 0 0
forceCtrlZ 0.001 0.002 74.47194244685738 1 0 0 0
forceCtrlZ 0.001 0.002 72.87194244685739 1 0 0 0
forceCtrlZ 0.001 0.002 71.2719424468574 1 0 0 0
forceCtrlZ 0.001 0.002 69.6719424468574 1 0 0 0
forceCtrlZ 0.001 0.002 68.0719424468574 1 0 0 0
forceCtrlZ 0.001 0.002 66.47194244685741 1 0 0 0
forceCtrlZ 0.001 0.002 64.87194244685742 1 0 0 0
forceCtrlZ 0.001 0.002 63.271942446857416 1 0 0 0
forceCtrlZ 0.001 0.002 61.671942446857415 1 0 0 0
forceCtrlZ 0.001 0.002 60.07194244685741 1 0 0 0
forceCtrlZ 0.001 0.002 58.47194244685741 1 0 0 0
forceCtrlZ 0.001 0.002 56.87194244685741 1 0 0 0
forceCtrlZ 0.001 0.002 55.27194244685741 1 0 0 0
forceCtrlZ 0.001 0.002 53.67194244685741 1 0 0 0
forceCtrlZ 0.001 0.002 52.071942446857406 1 0 0 0
forceCtrlZ 0.001 0.002 50.471942446857405 1 0 0 0
forceCtrlZ 0.001 0.002 48.8719424468574 1 0 0 0
forceCtrlZ 0.001 0.002 47.2719424468574 1 0 0 0
forceCtrlZ 0.001 0.002 45.6719424468574 1 0 0 0
forceCtrlZ 0.001 0.002 44.0719424468574 1 0 0 0
forceCtrlZ 0.001 0.002 42.4719424468574 1 0 0 0
forceCtrlZ 0.001 0.002 40.871942446857396 1 0 0 0
forceCtrlZ 0.001 0.002 39.271942446857395 1 0 0 0
forceCtrlZ 0.001 0.002 37.67194244685739 1 0 0 0
forceCtrlZ 0.001 0.002 36.07194244685739 1 0 0 0
forceCtrlZ 0.001 0.002 34.47194244685739 1 0 0 0
forceCtrlZ 0.001 0.002 32.87194244685739 1 0 0 0
forceCtrlZ 0.001 0.002 31.271942446857388 1 0 0 0
forceCtrlZ 0.001 0.002 29.671942446857386 1 0 0 0
forceCtrlZ 0.001 0.002 28.071942446857385 1 0 0 0
forceCtrlZ 0.001 0.002 26.471942446857383 1 0 0 0
forceCtrlZ 0.001 0.002 24.871942446857382 1 0 0 0
forceCtrlZ 0.001 0.002 23.27194244685738 1 0 0 0
forceCtrlZ 0.001 0.002 21.67194244685738 1 0 0 0
forceCtrlZ 0.001 0.002 20.071942446857378 1 0 0 0
forceCtrlZ 0.001 0.002 18.471942446857376 1 0 0 0
forceCtrlZ 0.001 0.002 16.871942446857375 1 0 0 0
forceCtrlZ 0.001 0.002 15.271942446857375 1 0 0 0
forceCtrlZ 0.001 0.002 13.671942446857376 1 0 0 0
forceCtrlZ 0.001 0.002 12.071942446857376 1 0 0 0
forceCtrlZ 0.001 0.002 10.471942446857376 1 0 0 0
forceCtrlZ 0.001 0.002 8.871942446857377 1 0 0 0
forceCtrlZ 0.001 0.002 7.271942446857377 1 0 0 0
forceCtrlZ 0.001 0.002 5.671942446857377 1 0 0 0
forceCtrlZ 0.001 0.002 4.071942446857378 1 0 0 0
forceCtrlZ 0.001 0.002 2.4719424468573776 1 0 0 0
forceCtrlZ 0.001 0.002 0.8719424468573775 1 0 0 0
forceCtrlZ 0.001 0.002 0.0 1 0 0 0
unloadZ 0.005