moveL 0.001 0.002 0.005 1 0 0 0
tare
loadZ
forceCtrlZ 0.001 0.002 0.0 1 0 0 0
forceCtrlZ 0.001 0.002 1.6 1 0 0 0
forceCtrlZ 0.001 0.002 3.2 1 0 0 0
forceCtrlZ 0.001 0.002 4.800000000000001 1 0 0 0
forceCtrlZ 0.001 0.002 6.4 1 0 0 0
forceCtrlZ 0.001 0.002 8.0 1 0 0 0
forceCtrlZ 0.001 0.002 9.6 1 0 0 0
forceCtrlZ 0.001 0.002 11.2 1 0 0 0
forceCtrlZ 0.001 0.002 12.799999999999999 1 0 0 0
forceCtrlZ 0.001 0.002 14.399999999999999 1 0 0 0
forceCtrlZ 0.001 0.002 15.999999999999998 1 0 0 0
forceCtrlZ 0.001 0.002 17.599999999999998 1 0 0 0
forceCtrlZ 0.001 0.002 19.2 1 0 0 0
forceCtrlZ 0.001 0.002 20.8 1 0 0 0
forceCtrlZ 0.001 0.002 22.400000000000002 1 0 0 0
forceCtrlZ 0.001 0.002 24.000000000000004 1 0 0 0
forceCtrlZ 0.001 0.002 25.600000000000005 1 0 0 0
forceCtrlZ 0.001 0.002 27.200000000000006 1 0 0 0
forceCtrlZ 0.001 0.002 28.800000000000008 1 0 0 0
forceCtrlZ 0.001 0.002 30.40000000000001 1 0 0 0
forceCtrlZ 0.001 0.002 32.00000000000001 1 0 0 0
forceCtrlZ 0.001 0.002 33.60000000000001 1 0 0 0
forceCtrlZ 0.001 0.002 35.20000000000001 1 0 0 0
forceCtrlZ 0.001 0.002 36.80000000000001 1 0 0 0
forceCtrlZ 0.001 0.002 38.40000000000001 1 0 0 0
forceCtrlZ 0.001 0.002 40.000000000000014 1 0 0 0
forceCtrlZ 0.001 0.002 41.600000000000016 1 0 0 0
forceCtrlZ 0.001 0.002 43.20000000000002 1 0 0 0
forceCtrlZ 0.001 0.002 44.80000000000002 1 0 0 0
forceCtrlZ 0.001 0.002 46.40000000000002 1 0 0 0
forceCtrlZ 0.001 0.002 48.00000000000002 1 0 0 0
forceCtrlZ 0.001 0.002 49.60000000000002 1 0 0 0
forceCtrlZ 0.001 0.002 51.200000000000024 1 0 0 0
forceCtrlZ 0.001 0.002 52.800000000000026 1 0 0 0
forceCtrlZ 0.001 0.002 54.40000000000003 1 0 0 0
forceCtrlZ 0.001 0.002 56.00000000000003 1 0 0 0
forceCtrlZ 0.001 0.002 57.60000000000003 1 0 0 0
forceCtrlZ 0.001 0.002 59.20000000000003 1 0 0 0
forceCtrlZ 0.001 0.002 60.80000000000003 1 0 0 0
forceCtrlZ 0.001 0.002 62.400000000000034 1 0 0 0
forceCtrlZ 0.001 0.002 64.00000000000003 1 0 0 0
forceCtrlZ 0.001 0.002 65.60000000000002 1 0 0 0
forceCtrlZ 0.001 0.002 67.20000000000002 1 0 0 0
forceCtrlZ 0.001 0.002 68.80000000000001 1 0 0 0
forceCtrlZ 0.001 0.002 70.4 1 0 0 0
forceCtrlZ 0.001 0.002 72.0 1 0 0 0
forceCtrlZ 0.001 0.002 73.6 1 0 0 0
forceCtrlZ 0.001 0.002 75.19999999999999 1 0 0 0
forceCtrlZ 0.001 0.002 76.79999999999998 1 0 0 0
forceCtrlZ 0.001 0.002 78.39999999999998 1 0 0 0
forceCtrlZ 0.001 0.002 79.99999999999997 1 0 0 0
forceCtrlZ 0.001 0.002 81.59999999999997 1 0 0 0
forceCtrlZ 0.001 0.002 83.19999999999996 1 0 0 0
forceCtrlZ 0.001 0.002 84.79999999999995 1 0 0 0
forceCtrlZ 0.001 0.002 86.39999999999995 1 0 0 0
forceCtrlZ 0.001 0.002 87.99999999999994 1 0 0 0
forceCtrlZ 0.001 0.002 89.59999999999994 1 0 0 0
forceCtrlZ 0.001 0.002 91.19999999999993 1 0 0 0
forceCtrlZ 0.001 0.002 92.79999999999993 1 0 0 0
forceCtrlZ 0.001 0.002 94.39999999999992 1 0 0 0
forceCtrlZ 0.001 0.002 95.99999999999991 1 0 0 0
forceCtrlZ 0.001 0.002 97.59999999999991 1 0 0 0
forceCtrlZ 0.001 0.002 99.1999999999999 1 0 0 0
forceCtrlZ 0.001 0.002 100.7999999999999 1 0 0 0
forceCtrlZ 0.001 0.002 102.39999999999989 1 0 0 0
forceCtrlZ 0.001 0.002 103.99999999999989 1 0 0 0
forceCtrlZ 0.001 0.002 105.59999999999988 1 0 0 0
forceCtrlZ 0.001 0.002 107.19999999999987 1 0 0 0
forceCtrlZ 0.001 0.002 108.79999999999987 1 0 0 0
forceCtrlZ 0.001 0.002 110.39999999999986 1 0 0 0
forceCtrlZ 0.001 0.002 111.99999999999986 1 0 0 0
forceCtrlZ 0.001 0.002 113.59999999999985 1 0 0 0
forceCtrlZ 0.001 0.002 115.19999999999985 1 0 0 0
forceCtrlZ 0.001 0.002 116.79999999999984 1 0 0 0
forceCtrlZ 0.001 0.002 118.39999999999984 1 0 0 0
forceCtrlZ 0.001 0.002 119.99999999999983 1 0 0 0
forceCtrlZ 0.001 0.002 121.59999999999982 1 0 0 0
forceCtrlZ 0.001 0.002 123.19999999999982 1 0 0 0
forceCtrlZ 0.001 0.002 124.79999999999981 1 0 0 0
forceCtrlZ 0.001 0.002 126.3999999999998 1 0 0 0
forceCtrlZ 0.001 0.002 127.9999999999998 1 0 0 0
forceCtrlZ 0.001 0.002 129.5999999999998 1 0 0 0
forceCtrlZ 0.001 0.002 131.1999999999998 1 0 0 0
forceCtrlZ 0.001 0.002 132.79999999999978 1 0 0 0
forceCtrlZ 0.001 0.002 134.39999999999978 1 0 0 0
forceCtrlZ 0.001 0.002 135.99999999999977 1 0 0 0
forceCtrlZ 0.001 0.002 137.59999999999977 1 0 0 0
forceCtrlZ 0.001 0.002 139.19999999999976 1 0 0 0
forceCtrlZ 0.001 0.002 140.79999999999976 1 0 0 0
forceCtrlZ 0.001 0.002 142.39999999999975 1 0 0 0
forceCtrlZ 0.001 0.002 143.99999999999974 1 0 0 0
forceCtrlZ 0.001 0.002 145.59999999999974 1 0 0 0
forceCtrlZ 0.001 0.002 147.19999999999973 1 0 0 0
forceCtrlZ 0.001 0.002 148.79999999999973 1 0 0 0
forceCtrlZ 0.001 0.002 150.39999999999972 1 0 0 0
forceCtrlZ 0.001 0.002 151.99999999999972 1 0 0 0
forceCtrlZ 0.001 0.002 153.5999999999997 1 0 0 0
forceCtrlZ 0.001 0.002 155.1999999999997 1 0 0 0
forceCtrlZ 0.001 0.002 156.7999999999997 1 0 0 0
forceCtrlZ 0.001 0.002 158.3999999999997 1 0 0 0
forceCtrlZ 0.001 0.002 159.9999999999997 1 0 0 0
forceCtrlZ 0.001 0.002 161.59999999999968 1 0 0 0
forceCtrlZ 0.001 0.002 163.19999999999968 1 0 0 0
forceCtrlZ 0.001 0.002 164.79999999999967 1 0 0 0
forceCtrlZ 0.001 0.002 166.39999999999966 1 0 0 0
forceCtrlZ 0.001 0.002 167.99999999999966 1 0 0 0
forceCtrlZ 0.001 0.002 169.59999999999965 1 0 0 0
forceCtrlZ 0.001 0.002 171.19999999999965 1 0 0 0
forceCtrlZ 0.001 0.002 172.79999999999964 1 0 0 0
forceCtrlZ 0.001 0.002 174.39999999999964 1 0 0 0
forceCtrlZ 0.001 0.002 175.99999999999963 1 0 0 0
forceCtrlZ 0.001 0.002 177.59999999999962 1 0 0 0
forceCtrlZ 0.001 0.002 179.19999999999962 1 0 0 0
forceCtrlZ 0.001 0.002 180.7999999999996 1 0 0 0
forceCtrlZ 0.001 0.002 182.3999999999996 1 0 0 0
forceCtrlZ 0.001 0.002 183.9999999999996 1 0 0 0
forceCtrlZ 0.001 0.002 185.5999999999996 1 0 0 0
forceCtrlZ 0.001 0.002 187.1999999999996 1 0 0 0
forceCtrlZ 0.001 0.002 188.79999999999959 1 0 0 0
forceCtrlZ 0.001 0.002 190.39999999999958 1 0 0 0
forceCtrlZ 0.001 0.002 191.99999999999957 1 0 0 0
forceCtrlZ 0.001 0.002 193.59999999999957 1 0 0 0
forceCtrlZ 0.001 0.002 195.19999999999956 1 0 0 0
forceCtrlZ 0.001 0.002 196.79999999999956 1 0 0 0
forceCtrlZ 0.001 0.002 198.39999999999955 1 0 0 0
forceCtrlZ 0.001 0.002 199.99999999999955 1 0 0 0
forceCtrlZ 0.001 0.002 201.59999999999954 1 0 0 0
forceCtrlZ 0.001 0.002 203.19999999999953 1 0 0 0
forceCtrlZ 0.001 0.002 204.79999999999953 1 0 0 0
forceCtrlZ 0.001 0.002 206.39999999999952 1 0 0 0
forceCtrlZ 0.001 0.002 207.99999999999952 1 0 0 0
forceCtrlZ 0.001 0.002 209.5999999999995 1 0 0 0
forceCtrlZ 0.001 0.002 211.1999999999995 1 0 0 0
forceCtrlZ 0.001 0.002 212.7999999999995 1 0 0 0
forceCtrlZ 0.001 0.002 214.3999999999995 1 0 0 0
forceCtrlZ 0.001 0.002 215.9999999999995 1 0 0 0
forceCtrlZ 0.001 0.002 217.59999999999948 1 0 0 0
forceCtrlZ 0.001 0.002 219.19999999999948 1 0 0 0
forceCtrlZ 0.001 0.002 220.79999999999947 1 0 0 0
forceCtrlZ 0.001 0.002 222.39999999999947 1 0 0 0
forceCtrlZ 0.001 0.002 223.99999999999946 1 0 0 0
forceCtrlZ 0.001 0.002 225.59999999999945 1 0 0 0
forceCtrlZ 0.001 0.002 227.19999999999945 1 0 0 0
forceCtrlZ 0.001 0.002 228.79999999999944 1 0 0 0
forceCtrlZ 0.001 0.002 230.39999999999944 1 0 0 0
forceCtrlZ 0.001 0.002 231.99999999999943 1 0 0 0
forceCtrlZ 0.001 0.002 233.59999999999943 1 0 0 0
forceCtrlZ 0.001 0.002 235.19999999999942 1 0 0 0
forceCtrlZ 0.001 0.002 236.79999999999941 1 0 0 0
forceCtrlZ 0.001 0.002 238.3999999999994 1 0 0 0
forceCtrlZ 0.001 0.002 239.9999999999994 1 0 0 0
forceCtrlZ 0.001 0.002 241.5999999999994 1 0 0 0
forceCtrlZ 0.001 0.002 243.1999999999994 1 0 0 0
forceCtrlZ 0.001 0.002 244.7999999999994 1 0 0 0
forceCtrlZ 0.001 0.002 246.39999999999938 1 0 0 0
forceCtrlZ 0.001 0.002 247.99999999999937 1 0 0 0
forceCtrlZ 0.001 0.002 249.59999999999937 1 0 0 0
forceCtrlZ 0.001 0.002 251.19999999999936 1 0 0 0
forceCtrlZ 0.001 0.002 252.79999999999936 1 0 0 0
forceCtrlZ 0.001 0.002 254.39999999999935 1 0 0 0
forceCtrlZ 0.001 0.002 255.99999999999935 1 0 0 0
forceCtrlZ 0.001 0.002 257.59999999999934 1 0 0 0
forceCtrlZ 0.001 0.002 259.19999999999936 1 0 0 0
forceCtrlZ 0.001 0.002 260.7999999999994 1 0 0 0
forceCtrlZ 0.001 0.002 262.3999999999994 1 0 0 0
forceCtrlZ 0.001 0.002 263.99999999999943 1 0 0 0
forceCtrlZ 0.001 0.002 265.59999999999945 1 0 0 0
forceCtrlZ 0.001 0.002 267.1999999999995 1 0 0 0
forceCtrlZ 0.001 0.002 268.7999999999995 1 0 0 0
forceCtrlZ 0.001 0.002 270.3999999999995 1 0 0 0
forceCtrlZ 0.001 0.002 271.99999999999955 1 0 0 0
forceCtrlZ 0.001 0.002 273.59999999999957 1 0 0 0
forceCtrlZ 0.001 0.002 275.1999999999996 1 0 0 0
forceCtrlZ 0.001 0.002 276.7999999999996 1 0 0 0
forceCtrlZ 0.001 0.002 278.39999999999964 1 0 0 0
forceCtrlZ 0.001 0.002 279.99999999999966 1 0 0 0
forceCtrlZ 0.001 0.002 281.5999999999997 1 0 0 0
forceCtrlZ 0.001 0.002 283.1999999999997 1 0 0 0
forceCtrlZ 0.001 0.002 284.7999999999997 1 0 0 0
forceCtrlZ 0.001 0.002 286.39999999999975 1 0 0 0
forceCtrlZ 0.001 0.002 287.9999999999998 1 0 0 0
forceCtrlZ 0.001 0.002 289.5999999999998 1 0 0 0
forceCtrlZ 0.001 0.002 291.1999999999998 1 0 0 0
forceCtrlZ 0.001 0.002 292.79999999999984 1 0 0 0
forceCtrlZ 0.001 0.002 294.39999999999986 1 0 0 0
forceCtrlZ 0.001 0.002 295.9999999999999 1 0 0 0
forceCtrlZ 0.001 0.002 297.5999999999999 1 0 0 0
forceCtrlZ 0.001 0.002 299.19999999999993 1 0 0 0
forceCtrlZ 0.001 0.002 300.79999999999995 1 0 0 0
forceCtrlZ 0.001 0.002 302.4 1 0 0 0
forceCtrlZ 0.001 0.002 304.0 1 0 0 0
forceCtrlZ 0.001 0.002 305.6 1 0 0 0
forceCtrlZ 0.001 0.002 307.20000000000005 1 0 0 0
forceCtrlZ 0.001 0.002 308.80000000000007 1 0 0 0
forceCtrlZ 0.001 0.002 310.4000000000001 1 0 0 0
forceCtrlZ 0.001 0.002 312.0000000000001 1 0 0 0
forceCtrlZ 0.001 0.002 313.60000000000014 1 0 0 0
forceCtrlZ 0.001 0.002 315.20000000000016 1 0 0 0
forceCtrlZ 0.001 0.002 316.8000000000002 1 0 0 0
forceCtrlZ 0.001 0.002 318.4000000000002 1 0 0 0
forceCtrlZ 0.001 0.002 320.0000000000002 1 0 0 0
forceCtrlZ 0.001 0.002 321.60000000000025 1 0 0 0
forceCtrlZ 0.001 0.002 323.2000000000003 1 0 0 0
forceCtrlZ 0.001 0.002 324.8000000000003 1 0 0 0
forceCtrlZ 0.001 0.002 326.4000000000003 1 0 0 0
forceCtrlZ 0.001 0.002 328.00000000000034 1 0 0 0
forceCtrlZ 0.001 0.002 329.60000000000036 1 0 0 0
forceCtrlZ 0.001 0.002 331.2000000000004 1 0 0 0
forceCtrlZ 0.001 0.002 332.8000000000004 1 0 0 0
forceCtrlZ 0.001 0.002 334.40000000000043 1 0 0 0
forceCtrlZ 0.001 0.002 336.00000000000045 1 0 0 0
forceCtrlZ 0.001 0.002 337.6000000000005 1 0 0 0
forceCtrlZ 0.001 0.002 339.2000000000005 1 0 0 0
forceCtrlZ 0.001 0.002 340.8000000000005 1 0 0 0
forceCtrlZ 0.001 0.002 342.40000000000055 1 0 0 0
forceCtrlZ 0.001 0.002 344.00000000000057 1 0 0 0
forceCtrlZ 0.001 0.002 345.6000000000006 1 0 0 0
forceCtrlZ 0.001 0.002 347.2000000000006 1 0 0 0
forceCtrlZ 0.001 0.002 348.80000000000064 1 0 0 0
forceCtrlZ 0.001 0.002 350.40000000000066 1 0 0 0
forceCtrlZ 0.001 0.002 352.0000000000007 1 0 0 0
forceCtrlZ 0.001 0.002 353.6000000000007 1 0 0 0
forceCtrlZ 0.001 0.002 355.2000000000007 1 0 0 0
forceCtrlZ 0.001 0.002 356.80000000000075 1 0 0 0
forceCtrlZ 0.001 0.002 358.4000000000008 1 0 0 0
forceCtrlZ 0.001 0.002 360.0000000000008 1 0 0 0
forceCtrlZ 0.001 0.002 361.6000000000008 1 0 0 0
forceCtrlZ 0.001 0.002 363.20000000000084 1 0 0 0
forceCtrlZ 0.001 0.002 364.80000000000086 1 0 0 0
forceCtrlZ 0.001 0.002 366.4000000000009 1 0 0 0
forceCtrlZ 0.001 0.002 368.0000000000009 1 0 0 0
forceCtrlZ 0.001 0.002 369.60000000000093 1 0 0 0
forceCtrlZ 0.001 0.002 371.20000000000095 1 0 0 0
forceCtrlZ 0.001 0.002 372.800000000001 1 0 0 0
forceCtrlZ 0.001 0.002 374.400000000001 1 0 0 0
forceCtrlZ 0.001 0.002 376.000000000001 1 0 0 0
forceCtrlZ 0.001 0.002 377.60000000000105 1 0 0 0
forceCtrlZ 0.001 0.002 379.20000000000107 1 0 0 0
forceCtrlZ 0.001 0.002 380.8000000000011 1 0 0 0
forceCtrlZ 0.001 0.002 382.4000000000011 1 0 0 0
forceCtrlZ 0.001 0.002 384.00000000000114 1 0 0 0
forceCtrlZ 0.001 0.002 385.60000000000116 1 0 0 0
forceCtrlZ 0.001 0.002 387.2000000000012 1 0 0 0
forceCtrlZ 0.001 0.002 388.8000000000012 1 0 0 0
forceCtrlZ 0.001 0.002 390.4000000000012 1 0 0 0
forceCtrlZ 0.001 0.002 392.00000000000125 1 0 0 0
forceCtrlZ 0.001 0.002 393.6000000000013 1 0 0 0
forceCtrlZ 0.001 0.002 395.2000000000013 1 0 0 0
forceCtrlZ 0.001 0.002 396.8000000000013 1 0 0 0
forceCtrlZ 0.001 0.002 398.40000000000134 1 0 0 0
forceCtrlZ 0.001 0.002 400.00000000000136 1 0 0 0
forceCtrlZ 0.001 0.002 401.6000000000014 1 0 0 0
forceCtrlZ 0.001 0.002 403.2000000000014 1 0 0 0
forceCtrlZ 0.001 0.002 404.80000000000143 1 0 0 0
forceCtrlZ 0.001 0.002 406.40000000000146 1 0 0 0
forceCtrlZ 0.001 0.002 408.0000000000015 1 0 0 0
forceCtrlZ 0.001 0.002 409.6000000000015 1 0 0 0
forceCtrlZ 0.001 0.002 411.2000000000015 1 0 0 0
forceCtrlZ 0.001 0.002 412.80000000000155 1 0 0 0
forceCtrlZ 0.001 0.002 414.40000000000157 1 0 0 0
forceCtrlZ 0.001 0.002 416.0000000000016 1 0 0 0
forceCtrlZ 0.001 0.002 417.6000000000016 1 0 0 0
forceCtrlZ 0.001 0.002 419.20000000000164 1 0 0 0
forceCtrlZ 0.001 0.002 420.80000000000166 1 0 0 0
forceCtrlZ 0.001 0.002 422.4000000000017 1 0 0 0
forceCtrlZ 0.001 0.002 424.0000000000017 1 0 0 0
forceCtrlZ 0.001 0.002 425.6000000000017 1 0 0 0
forceCtrlZ 0.001 0.002 427.20000000000175 1 0 0 0
forceCtrlZ 0.001 0.002 428.8000000000018 1 0 0 0
forceCtrlZ 0.001 0.002 430.4000000000018 1 0 0 0
forceCtrlZ 0.001 0.002 432.0000000000018 1 0 0 0
forceCtrlZ 0.001 0.002 433.60000000000184 1 0 0 0
forceCtrlZ 0.001 0.002 435.20000000000186 1 0 0 0
forceCtrlZ 0.001 0.002 436.8000000000019 1 0 0 0
forceCtrlZ 0.001 0.002 438.4000000000019 1 0 0 0
forceCtrlZ 0.001 0.002 440.00000000000193 1 0 0 0
forceCtrlZ 0.001 0.002 441.60000000000196 1 0 0 0
forceCtrlZ 0.001 0.002 443.200000000002 1 0 0 0
forceCtrlZ 0.001 0.002 444.800000000002 1 0 0 0
forceCtrlZ 0.001 0.002 446.400000000002 1 0 0 0
forceCtrlZ 0.001 0.002 448.00000000000205 1 0 0 0
forceCtrlZ 0.001 0.002 449.60000000000207 1 0 0 0
forceCtrlZ 0.001 0.002 451.2000000000021 1 0 0 0
forceCtrlZ 0.001 0.002 452.8000000000021 1 0 0 0
forceCtrlZ 0.001 0.002 454.40000000000214 1 0 0 0
forceCtrlZ 0.001 0.002 456.00000000000216 1 0 0 0
forceCtrlZ 0.001 0.002 457.6000000000022 1 0 0 0
forceCtrlZ 0.001 0.002 459.2000000000022 1 0 0 0
forceCtrlZ 0.001 0.002 460.8000000000022 1 0 0 0
forceCtrlZ 0.001 0.002 462.40000000000225 1 0 0 0
forceCtrlZ 0.001 0.002 464.0000000000023 1 0 0 0
forceCtrlZ 0.001 0.002 465.6000000000023 1 0 0 0
forceCtrlZ 0.001 0.002 467.2000000000023 1 0 0 0
forceCtrlZ 0.001 0.002 468.80000000000234 1 0 0 0
forceCtrlZ 0.001 0.002 470.40000000000236 1 0 0 0
forceCtrlZ 0.001 0.002 472.0000000000024 1 0 0 0
forceCtrlZ 0.001 0.002 473.6000000000024 1 0 0 0
forceCtrlZ 0.001 0.002 475.20000000000243 1 0 0 0
forceCtrlZ 0.001 0.002 476.80000000000246 1 0 0 0
forceCtrlZ 0.001 0.002 478.4000000000025 1 0 0 0
forceCtrlZ 0.001 0.002 480.0000000000025 1 0 0 0
forceCtrlZ 0.001 0.002 481.6000000000025 1 0 0 0
forceCtrlZ 0.001 0.002 483.20000000000255 1 0 0 0
forceCtrlZ 0.001 0.002 484.80000000000257 1 0 0 0
forceCtrlZ 0.001 0.002 486.4000000000026 1 0 0 0
forceCtrlZ 0.001 0.002 488.0000000000026 1 0 0 0
forceCtrlZ 0.001 0.002 489.60000000000264 1 0 0 0
forceCtrlZ 0.001 0.002 491.20000000000266 1 0 0 0
forceCtrlZ 0.001 0.002 492.8000000000027 1 0 0 0
forceCtrlZ 0.001 0.002 494.4000000000027 1 0 0 0
forceCtrlZ 0.001 0.002 496.00000000000273 1 0 0 0
forceCtrlZ 0.001 0.002 497.60000000000275 1 0 0 0
forceCtrlZ 0.001 0.002 499.2000000000028 1 0 0 0
forceCtrlZ 0.001 0.002 500.0 1 0 0 0
forceCtrlZ 0.0010032 0.002 501.43884892086334 1 0 0 0
forceCtrlZ 0.0010096 0.002 504.31654676258995 1 0 0 0
forceCtrlZ 0.0010176 0.002 507.9136690647482 1 0 0 0
forceCtrlZ 0.0010256 0.002 511.51079136690646 1 0 0 0
forceCtrlZ 0.0010336 0.002 515.1079136690647 1 0 0 0
forceCtrlZ 0.0010416 0.002 518.705035971223 1 0 0 0
forceCtrlZ 0.0010496 0.002 522.3021582733812 1 0 0 0
forceCtrlZ 0.0010576 0.002 525.8992805755395 1 0 0 0
forceCtrlZ 0.0010655999999999999 0.002 529.4964028776977 1 0 0 0
forceCtrlZ 0.0010735999999999999 0.002 533.093525179856 1 0 0 0
forceCtrlZ 0.0010815999999999998 0.002 536.6906474820142 1 0 0 0
forceCtrlZ 0.0010895999999999998 0.002 540.2877697841725 1 0 0 0
forceCtrlZ 0.0010975999999999998 0.002 543.8848920863309 1 0 0 0
forceCtrlZ 0.0011055999999999998 0.002 547.4820143884891 1 0 0 0
forceCtrlZ 0.0011135999999999997 0.002 551.0791366906474 1 0 0 0
forceCtrlZ 0.0011215999999999997 0.002 554.6762589928056 1 0 0 0
forceCtrlZ 0.0011295999999999997 0.002 558.2733812949639 1 0 0 0
forceCtrlZ 0.0011375999999999997 0.002 561.8705035971221 1 0 0 0
forceCtrlZ 0.0011455999999999997 0.002 565.4676258992804 1 0 0 0
forceCtrlZ 0.0011535999999999996 0.002 569.0647482014386 1 0 0 0
forceCtrlZ 0.0011615999999999996 0.002 572.6618705035969 1 0 0 0
forceCtrlZ 0.0011695999999999996 0.002 576.2589928057553 1 0 0 0
forceCtrlZ 0.0011775999999999996 0.002 579.8561151079135 1 0 0 0
forceCtrlZ 0.0011855999999999995 0.002 583.4532374100718 1 0 0 0
forceCtrlZ 0.0011935999999999995 0.002 587.05035971223 1 0 0 0
forceCtrlZ 0.0012015999999999995 0.002 590.6474820143883 1 0 0 0
forceCtrlZ 0.0012095999999999995 0.002 594.2446043165464 1 0 0 0
forceCtrlZ 0.0012175999999999995 0.002 597.8417266187048 1 0 0 0
forceCtrlZ 0.0012255999999999994 0.002 601.438848920863 1 0 0 0
forceCtrlZ 0.0012335999999999994 0.002 605.0359712230213 1 0 0 0
forceCtrlZ 0.0012415999999999994 0.002 608.6330935251796 1 0 0 0
forceCtrlZ 0.0012495999999999994 0.002 612.2302158273378 1 0 0 0
forceCtrlZ 0.0012575999999999993 0.002 615.8273381294962 1 0 0 0
forceCtrlZ 0.0012655999999999993 0.002 619.4244604316543 1 0 0 0
forceCtrlZ 0.0012735999999999993 0.002 623.0215827338127 1 0 0 0
forceCtrlZ 0.0012815999999999993 0.002 626.6187050359708 1 0 0 0
forceCtrlZ 0.0012895999999999993 0.002 630.2158273381292 1 0 0 0
forceCtrlZ 0.0012975999999999992 0.002 633.8129496402873 1 0 0 0
forceCtrlZ 0.0013055999999999992 0.002 637.4100719424457 1 0 0 0
forceCtrlZ 0.0013135999999999992 0.002 641.0071942446039 1 0 0 0
forceCtrlZ 0.0013215999999999992 0.002 644.6043165467622 1 0 0 0
forceCtrlZ 0.0013295999999999991 0.002 648.2014388489205 1 0 0 0
forceCtrlZ 0.0013375999999999991 0.002 651.7985611510787 1 0 0 0
forceCtrlZ 0.001345599999999999 0.002 655.3956834532371 1 0 0 0
forceCtrlZ 0.001353599999999999 0.002 658.9928057553952 1 0 0 0
forceCtrlZ 0.001361599999999999 0.002 662.5899280575536 1 0 0 0
forceCtrlZ 0.001369599999999999 0.002 666.1870503597117 1 0 0 0
forceCtrlZ 0.001377599999999999 0.002 669.7841726618701 1 0 0 0
forceCtrlZ 0.001385599999999999 0.002 673.3812949640283 1 0 0 0
forceCtrlZ 0.001393599999999999 0.002 676.9784172661866 1 0 0 0
forceCtrlZ 0.001401599999999999 0.002 680.5755395683449 1 0 0 0
forceCtrlZ 0.001409599999999999 0.002 684.1726618705031 1 0 0 0
forceCtrlZ 0.001417599999999999 0.002 687.7697841726614 1 0 0 0
forceCtrlZ 0.0014255999999999989 0.002 691.3669064748196 1 0 0 0
forceCtrlZ 0.0014335999999999989 0.002 694.9640287769778 1 0 0 0
forceCtrlZ 0.0014415999999999988 0.002 698.5611510791362 1 0 0 0
forceCtrlZ 0.0014495999999999988 0.002 702.1582733812944 1 0 0 0
forceCtrlZ 0.0014575999999999988 0.002 705.7553956834527 1 0 0 0
forceCtrlZ 0.0014655999999999988 0.002 709.352517985611 1 0 0 0
forceCtrlZ 0.0014735999999999987 0.002 712.9496402877693 1 0 0 0
forceCtrlZ 0.0014815999999999987 0.002 716.5467625899275 1 0 0 0
forceCtrlZ 0.0014895999999999987 0.002 720.1438848920857 1 0 0 0
forceCtrlZ 0.0014975999999999987 0.002 723.741007194244 1 0 0 0
forceCtrlZ 0.0015055999999999986 0.002 727.3381294964022 1 0 0 0
forceCtrlZ 0.0015135999999999986 0.002 730.9352517985606 1 0 0 0
forceCtrlZ 0.0015215999999999986 0.002 734.5323741007188 1 0 0 0
forceCtrlZ 0.0015295999999999986 0.002 738.1294964028771 1 0 0 0
forceCtrlZ 0.0015375999999999986 0.002 741.7266187050354 1 0 0 0
forceCtrlZ 0.0015455999999999985 0.002 745.3237410071936 1 0 0 0
forceCtrlZ 0.0015535999999999985 0.002 748.9208633093518 1 0 0 0
forceCtrlZ 0.0015615999999999985 0.002 752.5179856115101 1 0 0 0
forceCtrlZ 0.0015695999999999985 0.002 756.1151079136685 1 0 0 0
forceCtrlZ 0.0015775999999999984 0.002 759.7122302158267 1 0 0 0
forceCtrlZ 0.0015855999999999984 0.002 763.3093525179848 1 0 0 0
forceCtrlZ 0.0015935999999999984 0.002 766.9064748201431 1 0 0 0
forceCtrlZ 0.0016015999999999984 0.002 770.5035971223014 1 0 0 0
forceCtrlZ 0.0016095999999999984 0.002 774.1007194244596 1 0 0 0
forceCtrlZ 0.0016175999999999983 0.002 777.697841726618 1 0 0 0
forceCtrlZ 0.0016255999999999983 0.002 781.2949640287762 1 0 0 0
forceCtrlZ 0.0016335999999999983 0.002 784.8920863309345 1 0 0 0
forceCtrlZ 0.0016415999999999983 0.002 788.4892086330927 1 0 0 0
forceCtrlZ 0.0016495999999999982 0.002 792.086330935251 1 0 0 0
forceCtrlZ 0.0016575999999999982 0.002 795.6834532374094 1 0 0 0
forceCtrlZ 0.0016655999999999982 0.002 799.2805755395675 1 0 0 0
forceCtrlZ 0.0016735999999999982 0.002 802.8776978417259 1 0 0 0
forceCtrlZ 0.0016815999999999982 0.002 806.4748201438841 1 0 0 0
forceCtrlZ 0.0016895999999999981 0.002 810.0719424460424 1 0 0 0
forceCtrlZ 0.0016975999999999981 0.002 813.6690647482005 1 0 0 0
forceCtrlZ 0.001705599999999998 0.002 817.2661870503588 1 0 0 0
forceCtrlZ 0.001713599999999998 0.002 820.863309352517 1 0 0 0
forceCtrlZ 0.001721599999999998 0.002 824.4604316546754 1 0 0 0
forceCtrlZ 0.001729599999999998 0.002 828.0575539568337 1 0 0 0
forceCtrlZ 0.001737599999999998 0.002 831.6546762589919 1 0 0 0
forceCtrlZ 0.001745599999999998 0.002 835.2517985611502 1 0 0 0
forceCtrlZ 0.001753599999999998 0.002 838.8489208633084 1 0 0 0
forceCtrlZ 0.001761599999999998 0.002 842.4460431654668 1 0 0 0
forceCtrlZ 0.001769599999999998 0.002 846.0431654676249 1 0 0 0
forceCtrlZ 0.0017775999999999979 0.002 849.6402877697833 1 0 0 0
forceCtrlZ 0.0017855999999999979 0.002 853.2374100719416 1 0 0 0
forceCtrlZ 0.0017935999999999978 0.002 856.8345323740998 1 0 0 0
forceCtrlZ 0.0018015999999999978 0.002 860.4316546762581 1 0 0 0
forceCtrlZ 0.0018095999999999978 0.002 864.0287769784163 1 0 0 0
forceCtrlZ 0.0018175999999999978 0.002 867.6258992805745 1 0 0 0
forceCtrlZ 0.0018255999999999978 0.002 871.2230215827327 1 0 0 0
forceCtrlZ 0.0018335999999999977 0.002 874.8201438848911 1 0 0 0
forceCtrlZ 0.0018415999999999977 0.002 878.4172661870493 1 0 0 0
forceCtrlZ 0.0018495999999999977 0.002 882.0143884892076 1 0 0 0
forceCtrlZ 0.0018575999999999977 0.002 885.6115107913658 1 0 0 0
forceCtrlZ 0.0018655999999999976 0.002 889.2086330935242 1 0 0 0
forceCtrlZ 0.0018735999999999976 0.002 892.8057553956824 1 0 0 0
forceCtrlZ 0.0018815999999999976 0.002 896.4028776978407 1 0 0 0
forceCtrlZ 0.0018895999999999976 0.002 899.999999999999 1 0 0 0
forceCtrlZ 0.0018975999999999976 0.002 903.5971223021572 1 0 0 0
forceCtrlZ 0.0019055999999999975 0.002 907.1942446043155 1 0 0 0
forceCtrlZ 0.0019135999999999975 0.002 910.7913669064737 1 0 0 0
forceCtrlZ 0.0019215999999999975 0.002 914.388489208632 1 0 0 0
forceCtrlZ 0.0019295999999999975 0.002 917.9856115107902 1 0 0 0
forceCtrlZ 0.0019375999999999974 0.002 921.5827338129485 1 0 0 0
forceCtrlZ 0.0019455999999999974 0.002 925.1798561151068 1 0 0 0
forceCtrlZ 0.0019535999999999976 0.002 928.7769784172651 1 0 0 0
forceCtrlZ 0.001961599999999998 0.002 932.3741007194235 1 0 0 0
forceCtrlZ 0.001969599999999998 0.002 935.9712230215819 1 0 0 0
forceCtrlZ 0.001977599999999998 0.002 939.5683453237402 1 0 0 0
forceCtrlZ 0.0019855999999999984 0.002 943.1654676258986 1 0 0 0
forceCtrlZ 0.0019935999999999986 0.002 946.762589928057 1 0 0 0
forceCtrlZ 0.0020015999999999988 0.002 950.3597122302153 1 0 0 0
forceCtrlZ 0.002009599999999999 0.002 953.9568345323737 1 0 0 0
forceCtrlZ 0.002017599999999999 0.002 957.553956834532 1 0 0 0
forceCtrlZ 0.0020255999999999994 0.002 961.1510791366903 1 0 0 0
forceCtrlZ 0.0020335999999999996 0.002 964.7482014388487 1 0 0 0
forceCtrlZ 0.0020415999999999998 0.002 968.3453237410071 1 0 0 0
forceCtrlZ 0.0020496 0.002 971.9424460431655 1 0 0 0
forceCtrlZ 0.0020576 0.002 975.5395683453239 1 0 0 0
forceCtrlZ 0.0020656000000000003 0.002 979.1366906474823 1 0 0 0
forceCtrlZ 0.0020736000000000005 0.002 982.7338129496407 1 0 0 0
forceCtrlZ 0.0020816000000000007 0.002 986.330935251799 1 0 0 0
forceCtrlZ 0.002089600000000001 0.002 989.9280575539573 1 0 0 0
forceCtrlZ 0.002097600000000001 0.002 993.5251798561156 1 0 0 0
forceCtrlZ 0.0021056000000000013 0.002 997.122302158274 1 0 0 0
forceCtrlZ 0.0021136000000000015 0.002 1000.0 1 0 0 0
forceCtrlZ 0.0021216000000000017 0.002 1000.0 1 0 0 0
forceCtrlZ 0.002129600000000002 0.002 1000.0 1 0 0 0
forceCtrlZ 0.002137600000000002 0.002 1000.0 1 0 0 0
forceCtrlZ 0.0021456000000000023 0.002 1000.0 1 0 0 0
forceCtrlZ 0.0021536000000000025 0.002 1000.0 1 0 0 0
forceCtrlZ 0.0021616000000000027 0.002 1000.0 1 0 0 0
forceCtrlZ 0.002169600000000003 0.002 1000.0 1 0 0 0
forceCtrlZ 0.002177600000000003 0.002 1000.0 1 0 0 0
forceCtrlZ 0.0021856000000000033 0.002 1000.0 1 0 0 0
forceCtrlZ 0.0021936000000000034 0.002 1000.0 1 0 0 0
forceCtrlZ 0.0022016000000000036 0.002 1000.0 1 0 0 0
forceCtrlZ 0.002209600000000004 0.002 1000.0 1 0 0 0
forceCtrlZ 0.002217600000000004 0.002 1000.0 1 0 0 0
forceCtrlZ 0.0022256000000000042 0.002 1000.0 1 0 0 0
forceCtrlZ 0.0022336000000000044 0.002 1000.0 1 0 0 0
forceCtrlZ 0.0022416000000000046 0.002 1000.0 1 0 0 0
forceCtrlZ 0.002249600000000005 0.002 1000.0 1 0 0 0
forceCtrlZ 0.002257600000000005 0.002 1000.0 1 0 0 0
forceCtrlZ 0.002265600000000005 0.002 1000.0 1 0 0 0
forceCtrlZ 0.0022736000000000054 0.002 1000.0 1 0 0 0
forceCtrlZ 0.0022816000000000056 0.002 1000.0 1 0 0 0
forceCtrlZ 0.0022896000000000058 0.002 1000.0 1 0 0 0
forceCtrlZ 0.002297600000000006 0.002 1000.0 1 0 0 0
forceCtrlZ 0.002305600000000006 0.002 1000.0 1 0 0 0
forceCtrlZ 0.0023136000000000064 0.002 1000.0 1 0 0 0
forceCtrlZ 0.0023216000000000066 0.002 1000.0 1 0 0 0
forceCtrlZ 0.0023296000000000068 0.002 1000.0 1 0 0 0
forceCtrlZ 0.002337600000000007 0.002 1000.0 1 0 0 0
forceCtrlZ 0.002345600000000007 0.002 1000.0 1 0 0 0
forceCtrlZ 0.0023536000000000073 0.002 1000.0 1 0 0 0
forceCtrlZ 0.0023616000000000075 0.002 1000.0 1 0 0 0
forceCtrlZ 0.0023696000000000077 0.002 1000.0 1 0 0 0
forceCtrlZ 0.002377600000000008 0.002 1000.0 1 0 0 0
forceCtrlZ 0.002385600000000008 0.002 1000.0 1 0 0 0
forceCtrlZ 0.0023936000000000083 0.002 1000.0 1 0 0 0
forceCtrlZ 0.0024016000000000085 0.002 1000.0 1 0 0 0
forceCtrlZ 0.0024096000000000087 0.002 1000.0 1 0 0 0
forceCtrlZ 0.002417600000000009 0.002 1000.0 1 0 0 0
forceCtrlZ 0.002425600000000009 0.002 1000.0 1 0 0 0
forceCtrlZ 0.0024336000000000093 0.002 1000.0 1 0 0 0
forceCtrlZ 0.0024416000000000095 0.002 1000.0 1 0 0 0
forceCtrlZ 0.0024496000000000097 0.002 1000.0 1 0 0 0
forceCtrlZ 0.00245760000000001 0.002 1000.0 1 0 0 0
forceCtrlZ 0.00246560000000001 0.002 1000.0 1 0 0 0
forceCtrlZ 0.0024736000000000103 0.002 1000.0 1 0 0 0
forceCtrlZ 0.0024816000000000104 0.002 1000.0 1 0 0 0
forceCtrlZ 0.0024896000000000106 0.002 1000.0 1 0 0 0
forceCtrlZ 0.002497600000000011 0.002 1000.0 1 0 0 0
forceCtrlZ 0.002505600000000011 0.002 1000.0 1 0 0 0
forceCtrlZ 0.0025136000000000112 0.002 1000.0 1 0 0 0
forceCtrlZ 0.0025216000000000114 0.002 1000.0 1 0 0 0
forceCtrlZ 0.0025296000000000116 0.002 1000.0 1 0 0 0
forceCtrlZ 0.002537600000000012 0.002 1000.0 1 0 0 0
forceCtrlZ 0.002545600000000012 0.002 1000.0 1 0 0 0
forceCtrlZ 0.002553600000000012 0.002 1000.0 1 0 0 0
forceCtrlZ 0.0025616000000000124 0.002 1000.0 1 0 0 0
forceCtrlZ 0.0025696000000000126 0.002 1000.0 1 0 0 0
forceCtrlZ 0.0025776000000000128 0.002 1000.0 1 0 0 0
forceCtrlZ 0.002585600000000013 0.002 1000.0 1 0 0 0
forceCtrlZ 0.002593600000000013 0.002 1000.0 1 0 0 0
forceCtrlZ 0.0026016000000000134 0.002 1000.0 1 0 0 0
forceCtrlZ 0.0026096000000000136 0.002 1000.0 1 0 0 0
forceCtrlZ 0.0026176000000000138 0.002 1000.0 1 0 0 0
forceCtrlZ 0.002625600000000014 0.002 1000.0 1 0 0 0
forceCtrlZ 0.002633600000000014 0.002 1000.0 1 0 0 0
forceCtrlZ 0.0026416000000000143 0.002 1000.0 1 0 0 0
forceCtrlZ 0.0026496000000000145 0.002 1000.0 1 0 0 0
forceCtrlZ 0.0026576000000000147 0.002 1000.0 1 0 0 0
forceCtrlZ 0.002665600000000015 0.002 1000.0 1 0 0 0
forceCtrlZ 0.002673600000000015 0.002 1000.0 1 0 0 0
forceCtrlZ 0.0026816000000000153 0.002 1000.0 1 0 0 0
forceCtrlZ 0.0026896000000000155 0.002 1000.0 1 0 0 0
forceCtrlZ 0.0026976000000000157 0.002 1000.0 1 0 0 0
forceCtrlZ 0.002705600000000016 0.002 1000.0 1 0 0 0
forceCtrlZ 0.002713600000000016 0.002 1000.0 1 0 0 0
forceCtrlZ 0.0027216000000000163 0.002 1000.0 1 0 0 0
forceCtrlZ 0.0027296000000000165 0.002 1000.0 1 0 0 0
forceCtrlZ 0.0027376000000000167 0.002 1000.0 1 0 0 0
forceCtrlZ 0.002745600000000017 0.002 1000.0 1 0 0 0
forceCtrlZ 0.002753600000000017 0.002 1000.0 1 0 0 0
forceCtrlZ 0.0027616000000000173 0.002 1000.0 1 0 0 0
forceCtrlZ 0.0027696000000000174 0.002 1000.0 1 0 0 0
forceCtrlZ 0.0027776000000000176 0.002 1000.0 1 0 0 0
forceCtrlZ 0.002785600000000018 0.002 1000.0 1 0 0 0
forceCtrlZ 0.002793600000000018 0.002 1000.0 1 0 0 0
forceCtrlZ 0.0028016000000000182 0.002 1000.0 1 0 0 0
forceCtrlZ 0.0028096000000000184 0.002 1000.0 1 0 0 0
forceCtrlZ 0.0028176000000000186 0.002 1000.0 1 0 0 0
forceCtrlZ 0.002825600000000019 0.002 1000.0 1 0 0 0
forceCtrlZ 0.002833600000000019 0.002 1000.0 1 0 0 0
forceCtrlZ 0.002841600000000019 0.002 1000.0 1 0 0 0
forceCtrlZ 0.0028496000000000194 0.002 1000.0 1 0 0 0
forceCtrlZ 0.0028576000000000196 0.002 1000.0 1 0 0 0
forceCtrlZ 0.0028656000000000198 0.002 1000.0 1 0 0 0
forceCtrlZ 0.00287360000000002 0.002 1000.0 1 0 0 0
forceCtrlZ 0.00288160000000002 0.002 1000.0 1 0 0 0
forceCtrlZ 0.0028896000000000204 0.002 1000.0 1 0 0 0
forceCtrlZ 0.0028976000000000206 0.002 1000.0 1 0 0 0
forceCtrlZ 0.0029056000000000208 0.002 1000.0 1 0 0 0
forceCtrlZ 0.002913600000000021 0.002 1000.0 1 0 0 0
forceCtrlZ 0.002921600000000021 0.002 1000.0 1 0 0 0
forceCtrlZ 0.0029296000000000213 0.002 1000.0 1 0 0 0
forceCtrlZ 0.0029376000000000215 0.002 1000.0 1 0 0 0
forceCtrlZ 0.0029456000000000217 0.002 1000.0 1 0 0 0
forceCtrlZ 0.002953600000000022 0.002 1000.0 1 0 0 0
forceCtrlZ 0.002961600000000022 0.002 1000.0 1 0 0 0
forceCtrlZ 0.0029696000000000223 0.002 1000.0 1 0 0 0
forceCtrlZ 0.0029776000000000225 0.002 1000.0 1 0 0 0
forceCtrlZ 0.0029856000000000227 0.002 1000.0 1 0 0 0
forceCtrlZ 0.002993600000000023 0.002 1000.0 1 0 0 0
forceCtrlZ 0.003001600000000023 0.002 1000.0 1 0 0 0
forceCtrlZ 0.0030096000000000233 0.002 1000.0 1 0 0 0
forceCtrlZ 0.0030176000000000235 0.002 1000.0 1 0 0 0
forceCtrlZ 0.0030256000000000237 0.002 1000.0 1 0 0 0
forceCtrlZ 0.003033600000000024 0.002 1000.0 1 0 0 0
forceCtrlZ 0.003041600000000024 0.002 1000.0 1 0 0 0
forceCtrlZ 0.0030496000000000243 0.002 1000.0 1 0 0 0
forceCtrlZ 0.0030576000000000244 0.002 1000.0 1 0 0 0
forceCtrlZ 0.0030656000000000246 0.002 1000.0 1 0 0 0
forceCtrlZ 0.003073600000000025 0.002 1000.0 1 0 0 0
forceCtrlZ 0.003081600000000025 0.002 1000.0 1 0 0 0
forceCtrlZ 0.0030896000000000252 0.002 1000.0 1 0 0 0
forceCtrlZ 0.0030976000000000254 0.002 1000.0 1 0 0 0
forceCtrlZ 0.0031056000000000256 0.002 1000.0 1 0 0 0
forceCtrlZ 0.003113600000000026 0.002 1000.0 1 0 0 0
forceCtrlZ 0.003121600000000026 0.002 1000.0 1 0 0 0
forceCtrlZ 0.003129600000000026 0.002 1000.0 1 0 0 0
forceCtrlZ 0.0031376000000000264 0.002 1000.0 1 0 0 0
forceCtrlZ 0.0031456000000000266 0.002 1000.0 1 0 0 0
forceCtrlZ 0.0031536000000000268 0.002 1000.0 1 0 0 0
forceCtrlZ 0.003161600000000027 0.002 1000.0 1 0 0 0
forceCtrlZ 0.003169600000000027 0.002 1000.0 1 0 0 0
forceCtrlZ 0.0031776000000000274 0.002 1000.0 1 0 0 0
forceCtrlZ 0.0031856000000000276 0.002 1000.0 1 0 0 0
forceCtrlZ 0.0031936000000000278 0.002 1000.0 1 0 0 0
forceCtrlZ 0.003201600000000028 0.002 1000.0 1 0 0 0
forceCtrlZ 0.003209600000000028 0.002 1000.0 1 0 0 0
forceCtrlZ 0.0032176000000000283 0.002 1000.0 1 0 0 0
forceCtrlZ 0.0032256000000000285 0.002 1000.0 1 0 0 0
forceCtrlZ 0.0032336000000000287 0.002 1000.0 1 0 0 0
forceCtrlZ 0.003241600000000029 0.002 1000.0 1 0 0 0
forceCtrlZ 0.003249600000000029 0.002 1000.0 1 0 0 0
forceCtrlZ 0.0032576000000000293 0.002 1000.0 1 0 0 0
forceCtrlZ 0.0032656000000000295 0.002 1000.0 1 0 0 0
forceCtrlZ 0.0032736000000000297 0.002 1000.0 1 0 0 0
forceCtrlZ 0.00328160000000003 0.002 1000.0 1 0 0 0
forceCtrlZ 0.00328960000000003 0.002 1000.0 1 0 0 0
forceCtrlZ 0.0032976000000000303 0.002 1000.0 1 0 0 0
forceCtrlZ 0.0033056000000000305 0.002 1000.0 1 0 0 0
forceCtrlZ 0.0033136000000000307 0.002 1000.0 1 0 0 0
forceCtrlZ 0.003321600000000031 0.002 1000.0 1 0 0 0
forceCtrlZ 0.003329600000000031 0.002 1000.0 1 0 0 0
forceCtrlZ 0.0033376000000000313 0.002 1000.0 1 0 0 0
forceCtrlZ 0.0033456000000000314 0.002 1000.0 1 0 0 0
forceCtrlZ 0.0033536000000000316 0.002 1000.0 1 0 0 0
forceCtrlZ 0.003361600000000032 0.002 1000.0 1 0 0 0
forceCtrlZ 0.003369600000000032 0.002 1000.0 1 0 0 0
forceCtrlZ 0.0033776000000000322 0.002 1000.0 1 0 0 0
forceCtrlZ 0.0033856000000000324 0.002 1000.0 1 0 0 0
forceCtrlZ 0.0033936000000000326 0.002 1000.0 1 0 0 0
forceCtrlZ 0.003401600000000033 0.002 1000.0 1 0 0 0
forceCtrlZ 0.003409600000000033 0.002 1000.0 1 0 0 0
forceCtrlZ 0.003417600000000033 0.002 1000.0 1 0 0 0
forceCtrlZ 0.0034256000000000334 0.002 1000.0 1 0 0 0
forceCtrlZ 0.0034336000000000336 0.002 1000.0 1 0 0 0
forceCtrlZ 0.0034416000000000338 0.002 1000.0 1 0 0 0
forceCtrlZ 0.003449600000000034 0.002 1000.0 1 0 0 0
forceCtrlZ 0.003457600000000034 0.002 1000.0 1 0 0 0
forceCtrlZ 0.0034656000000000344 0.002 1000.0 1 0 0 0
forceCtrlZ 0.0034736000000000346 0.002 1000.0 1 0 0 0
forceCtrlZ 0.0034816000000000348 0.002 1000.0 1 0 0 0
forceCtrlZ 0.003489600000000035 0.002 1000.0 1 0 0 0
forceCtrlZ 0.003497600000000035 0.002 1000.0 1 0 0 0
forceCtrlZ 0.0035056000000000353 0.002 1000.0 1 0 0 0
forceCtrlZ 0.0035136000000000355 0.002 1000.0 1 0 0 0
forceCtrlZ 0.0035216000000000357 0.002 1000.0 1 0 0 0
forceCtrlZ 0.003529600000000036 0.002 1000.0 1 0 0 0
forceCtrlZ 0.003537600000000036 0.002 1000.0 1 0 0 0
forceCtrlZ 0.0035456000000000363 0.002 1000.0 1 0 0 0
forceCtrlZ 0.003556800000000036 0.002 1000.0 1 0 0 0
forceCtrlZ 0.003571200000000036 0.002 1000.0 1 0 0 0
forceCtrlZ 0.003588800000000036 0.002 1000.0 1 0 0 0
forceCtrlZ 0.003609600000000036 0.002 1000.0 1 0 0 0
forceCtrlZ 0.0036336000000000363 0.002 1000.0 1 0 0 0
forceCtrlZ 0.003660800000000036 0.002 1000.0 1 0 0 0
forceCtrlZ 0.003691200000000036 0.002 1000.0 1 0 0 0
forceCtrlZ 0.003724800000000036 0.002 1000.0 1 0 0 0
forceCtrlZ 0.003761600000000036 0.002 1000.0 1 0 0 0
forceCtrlZ 0.003801600000000036 0.002 1000.0 1 0 0 0
forceCtrlZ 0.003844800000000036 0.002 1000.0 1 0 0 0
forceCtrlZ 0.003891200000000036 0.002 1000.0 1 0 0 0
forceCtrlZ 0.003940800000000036 0.002 1000.0 1 0 0 0
forceCtrlZ 0.003993600000000036 0.002 1000.0 1 0 0 0
forceCtrlZ 0.004049600000000036 0.002 1000.0 1 0 0 0
forceCtrlZ 0.004108800000000036 0.002 1000.0 1 0 0 0
forceCtrlZ 0.0041712000000000355 0.002 1000.0 1 0 0 0
forceCtrlZ 0.004236800000000035 0.002 1000.0 1 0 0 0
forceCtrlZ 0.004305600000000035 0.002 1000.0 1 0 0 0
forceCtrlZ 0.004377600000000035 0.002 1000.0 1 0 0 0
forceCtrlZ 0.004452800000000035 0.002 1000.0 1 0 0 0
forceCtrlZ 0.0045312000000000355 0.002 1000.0 1 0 0 0
forceCtrlZ 0.004612800000000036 0.002 1000.0 1 0 0 0
forceCtrlZ 0.004697600000000036 0.002 1000.0 1 0 0 0
forceCtrlZ 0.0047856000000000365 0.002 1000.0 1 0 0 0
forceCtrlZ 0.004876800000000036 0.002 1000.0 1 0 0 0
forceCtrlZ 0.004971200000000036 0.002 1000.0 1 0 0 0
forceCtrlZ 0.005068800000000036 0.002 1000.0 1 0 0 0
forceCtrlZ 0.0051696000000000355 0.002 1000.0 1 0 0 0
forceCtrlZ 0.005273600000000035 0.002 1000.0 1 0 0 0
forceCtrlZ 0.005380800000000035 0.002 1000.0 1 0 0 0
forceCtrlZ 0.0054912000000000355 0.002 1000.0 1 0 0 0
forceCtrlZ 0.005604800000000036 0.002 1000.0 1 0 0 0
forceCtrlZ 0.005721600000000036 0.002 1000.0 1 0 0 0
forceCtrlZ 0.005841600000000036 0.002 1000.0 1 0 0 0
forceCtrlZ 0.005964800000000036 0.002 1000.0 1 0 0 0
forceCtrlZ 0.006091200000000035 0.002 1000.0 1 0 0 0
forceCtrlZ 0.006220800000000035 0.002 1000.0 1 0 0 0
forceCtrlZ 0.006353600000000035 0.002 1000.0 1 0 0 0
forceCtrlZ 0.006489600000000035 0.002 1000.0 1 0 0 0
forceCtrlZ 0.0066288000000000345 0.002 1000.0 1 0 0 0
forceCtrlZ 0.0067712000000000345 0.002 1000.0 1 0 0 0
forceCtrlZ 0.0069168000000000346 0.002 1000.0 1 0 0 0
forceCtrlZ 0.007065600000000035 0.002 1000.0 1 0 0 0
forceCtrlZ 0.007217600000000035 0.002 1000.0 1 0 0 0
forceCtrlZ 0.007372800000000035 0.002 1000.0 1 0 0 0
forceCtrlZ 0.007531200000000036 0.002 1000.0 1 0 0 0
forceCtrlZ 0.007692800000000036 0.002 1000.0 1 0 0 0
forceCtrlZ 0.007857600000000036 0.002 1000.0 1 0 0 0
forceCtrlZ 0.008025600000000035 0.002 1000.0 1 0 0 0
forceCtrlZ 0.008196800000000035 0.002 1000.0 1 0 0 0
forceCtrlZ 0.008371200000000035 0.002 1000.0 1 0 0 0
forceCtrlZ 0.008548800000000035 0.002 1000.0 1 0 0 0
forceCtrlZ 0.008729600000000035 0.002 1000.0 1 0 0 0
forceCtrlZ 0.008913600000000035 0.002 1000.0 1 0 0 0
forceCtrlZ 0.009100800000000036 0.002 1000.0 1 0 0 0
forceCtrlZ 0.009291200000000036 0.002 1000.0 1 0 0 0
forceCtrlZ 0.009484800000000036 0.002 1000.0 1 0 0 0
forceCtrlZ 0.009681600000000037 0.002 1000.0 1 0 0 0
forceCtrlZ 0.009881600000000037 0.002 1000.0 1 0 0 0
forceCtrlZ 0.010084800000000038 0.002 1000.0 1 0 0 0
forceCtrlZ 0.010291200000000039 0.002 1000.0 1 0 0 0
forceCtrlZ 0.01050080000000004 0.002 1000.0 1 0 0 0
forceCtrlZ 0.01071360000000004 0.002 1000.0 1 0 0 0
forceCtrlZ 0.010929600000000041 0.002 1000.0 1 0 0 0
forceCtrlZ 0.011148800000000042 0.002 1000.0 1 0 0 0
forceCtrlZ 0.011371200000000041 0.002 1000.0 1 0 0 0
forceCtrlZ 0.01159680000000004 0.002 1000.0 1 0 0 0
forceCtrlZ 0.01182560000000004 0.002 1000.0 1 0 0 0
forceCtrlZ 0.01205760000000004 0.002 1000.0 1 0 0 0
forceCtrlZ 0.01229280000000004 0.002 1000.0 1 0 0 0
forceCtrlZ 0.01253120000000004 0.002 1000.0 1 0 0 0
forceCtrlZ 0.012772800000000039 0.002 1000.0 1 0 0 0
forceCtrlZ 0.013017600000000039 0.002 1000.0 1 0 0 0
forceCtrlZ 0.013265600000000039 0.002 1000.0 1 0 0 0
forceCtrlZ 0.013516800000000039 0.002 1000.0 1 0 0 0
forceCtrlZ 0.013771200000000039 0.002 1000.0 1 0 0 0
forceCtrlZ 0.01402880000000004 0.002 1000.0 1 0 0 0
forceCtrlZ 0.01428960000000004 0.002 1000.0 1 0 0 0
forceCtrlZ 0.01455360000000004 0.002 1000.0 1 0 0 0
forceCtrlZ 0.01482080000000004 0.002 1000.0 1 0 0 0
forceCtrlZ 0.01509120000000004 0.002 1000.0 1 0 0 0
forceCtrlZ 0.015362120000000042 0.002 1000.0 1 0 0 0
forceCtrlZ 0.015633040000000042 0.002 1000.0 1 0 0 0
forceCtrlZ 0.015903960000000043 0.002 1000.0 1 0 0 0
forceCtrlZ 0.016174880000000044 0.002 1000.0 1 0 0 0
forceCtrlZ 0.016445800000000045 0.002 1000.0 1 0 0 0
forceCtrlZ 0.016716720000000046 0.002 1000.0 1 0 0 0
forceCtrlZ 0.016987640000000047 0.002 1000.0 1 0 0 0
forceCtrlZ 0.017258560000000048 0.002 1000.0 1 0 0 0
forceCtrlZ 0.01752948000000005 0.002 1000.0 1 0 0 0
forceCtrlZ 0.01780040000000005 0.002 1000.0 1 0 0 0
forceCtrlZ 0.01807132000000005 0.002 1000.0 1 0 0 0
forceCtrlZ 0.01834224000000005 0.002 1000.0 1 0 0 0
forceCtrlZ 0.018613160000000052 0.002 1000.0 1 0 0 0
forceCtrlZ 0.018884080000000053 0.002 1000.0 1 0 0 0
forceCtrlZ 0.019155000000000054 0.002 1000.0 1 0 0 0
forceCtrlZ 0.019425920000000055 0.002 1000.0 1 0 0 0
forceCtrlZ 0.019696840000000056 0.002 1000.0 1 0 0 0
forceCtrlZ 0.019967760000000057 0.002 1000.0 1 0 0 0
forceCtrlZ 0.020238680000000057 0.002 1000.0 1 0 0 0
forceCtrlZ 0.02050960000000006 0.002 1000.0 1 0 0 0
forceCtrlZ 0.02078052000000006 0.002 1000.0 1 0 0 0
forceCtrlZ 0.02105144000000006 0.002 1000.0 1 0 0 0
forceCtrlZ 0.02132236000000006 0.002 1000.0 1 0 0 0
forceCtrlZ 0.021593280000000062 0.002 1000.0 1 0 0 0
forceCtrlZ 0.021864200000000063 0.002 1000.0 1 0 0 0
forceCtrlZ 0.022135120000000064 0.002 1000.0 1 0 0 0
forceCtrlZ 0.022406040000000065 0.002 1000.0 1 0 0 0
forceCtrlZ 0.022676960000000065 0.002 1000.0 1 0 0 0
forceCtrlZ 0.022947880000000066 0.002 1000.0 1 0 0 0
forceCtrlZ 0.023218800000000067 0.002 1000.0 1 0 0 0
forceCtrlZ 0.023489720000000068 0.002 1000.0 1 0 0 0
forceCtrlZ 0.02376064000000007 0.002 1000.0 1 0 0 0
forceCtrlZ 0.02403156000000007 0.002 1000.0 1 0 0 0
forceCtrlZ 0.02430248000000007 0.002 1000.0 1 0 0 0
forceCtrlZ 0.02457340000000007 0.002 1000.0 1 0 0 0
forceCtrlZ 0.024844320000000072 0.002 1000.0 1 0 0 0
forceCtrlZ 0.025115240000000073 0.002 1000.0 1 0 0 0
forceCtrlZ 0.025386160000000074 0.002 1000.0 1 0 0 0
forceCtrlZ 0.025657080000000075 0.002 1000.0 1 0 0 0
forceCtrlZ 0.025928000000000076 0.002 1000.0 1 0 0 0
forceCtrlZ 0.026198920000000077 0.002 1000.0 1 0 0 0
forceCtrlZ 0.026469840000000078 0.002 1000.0 1 0 0 0
forceCtrlZ 0.02674076000000008 0.002 1000.0 1 0 0 0
forceCtrlZ 0.02701168000000008 0.002 1000.0 1 0 0 0
forceCtrlZ 0.02728260000000008 0.002 1000.0 1 0 0 0
forceCtrlZ 0.02755352000000008 0.002 1000.0 1 0 0 0
forceCtrlZ 0.027824440000000082 0.002 1000.0 1 0 0 0
forceCtrlZ 0.028095360000000083 0.002 1000.0 1 0 0 0
forceCtrlZ 0.028366280000000084 0.002 1000.0 1 0 0 0
forceCtrlZ 0.028637200000000085 0.002 1000.0 1 0 0 0
forceCtrlZ 0.028908120000000086 0.002 1000.0 1 0 0 0
forceCtrlZ 0.029179040000000087 0.002 1000.0 1 0 0 0
forceCtrlZ 0.029449960000000087 0.002 1000.0 1 0 0 0
forceCtrlZ 0.02972088000000009 0.002 1000.0 1 0 0 0
forceCtrlZ 0.02999180000000009 0.002 1000.0 1 0 0 0
forceCtrlZ 0.03026272000000009 0.002 1000.0 1 0 0 0
forceCtrlZ 0.03053364000000009 0.002 1000.0 1 0 0 0
forceCtrlZ 0.030804560000000092 0.002 1000.0 1 0 0 0
forceCtrlZ 0.031075480000000093 0.002 1000.0 1 0 0 0
forceCtrlZ 0.031346400000000094 0.002 1000.0 1 0 0 0
forceCtrlZ 0.031617320000000095 0.002 1000.0 1 0 0 0
forceCtrlZ 0.031888240000000095 0.002 1000.0 1 0 0 0
forceCtrlZ 0.032159160000000096 0.002 1000.0 1 0 0 0
forceCtrlZ 0.0324300800000001 0.002 1000.0 1 0 0 0
forceCtrlZ 0.0327010000000001 0.002 1000.0 1 0 0 0
forceCtrlZ 0.0329719200000001 0.002 1000.0 1 0 0 0
forceCtrlZ 0.0332428400000001 0.002 1000.0 1 0 0 0
forceCtrlZ 0.0335137600000001 0.002 1000.0 1 0 0 0
forceCtrlZ 0.0337846800000001 0.002 1000.0 1 0 0 0
forceCtrlZ 0.0340556000000001 0.002 1000.0 1 0 0 0
forceCtrlZ 0.0343265200000001 0.002 1000.0 1 0 0 0
forceCtrlZ 0.034597440000000104 0.002 1000.0 1 0 0 0
forceCtrlZ 0.034868360000000105 0.002 1000.0 1 0 0 0
forceCtrlZ 0.035139280000000106 0.002 1000.0 1 0 0 0
forceCtrlZ 0.03541020000000011 0.002 1000.0 1 0 0 0
forceCtrlZ 0.03568112000000011 0.002 1000.0 1 0 0 0
forceCtrlZ 0.03595204000000011 0.002 1000.0 1 0 0 0
forceCtrlZ 0.03622296000000011 0.002 1000.0 1 0 0 0
forceCtrlZ 0.03649388000000011 0.002 1000.0 1 0 0 0
forceCtrlZ 0.03676480000000011 0.002 1000.0 1 0 0 0
forceCtrlZ 0.03703572000000011 0.002 1000.0 1 0 0 0
forceCtrlZ 0.03730664000000011 0.002 1000.0 1 0 0 0
forceCtrlZ 0.037577560000000114 0.002 1000.0 1 0 0 0
forceCtrlZ 0.037848480000000115 0.002 1000.0 1 0 0 0
forceCtrlZ 0.038119400000000116 0.002 1000.0 1 0 0 0
forceCtrlZ 0.03839032000000012 0.002 1000.0 1 0 0 0
forceCtrlZ 0.03866124000000012 0.002 1000.0 1 0 0 0
forceCtrlZ 0.03893216000000012 0.002 1000.0 1 0 0 0
forceCtrlZ 0.03920308000000012 0.002 1000.0 1 0 0 0
forceCtrlZ 0.03947400000000012 0.002 1000.0 1 0 0 0
forceCtrlZ 0.03974492000000012 0.002 1000.0 1 0 0 0
forceCtrlZ 0.04001584000000012 0.002 1000.0 1 0 0 0
forceCtrlZ 0.04028676000000012 0.002 1000.0 1 0 0 0
forceCtrlZ 0.040557680000000124 0.002 1000.0 1 0 0 0
forceCtrlZ 0.040828600000000125 0.002 1000.0 1 0 0 0
forceCtrlZ 0.041099520000000125 0.002 1000.0 1 0 0 0
forceCtrlZ 0.041370440000000126 0.002 1000.0 1 0 0 0
forceCtrlZ 0.04164136000000013 0.002 1000.0 1 0 0 0
forceCtrlZ 0.04191228000000013 0.002 1000.0 1 0 0 0
forceCtrlZ 0.04218320000000013 0.002 1000.0 1 0 0 0
forceCtrlZ 0.04245412000000013 0.002 1000.0 1 0 0 0
forceCtrlZ 0.04272504000000013 0.002 1000.0 1 0 0 0
forceCtrlZ 0.04299596000000013 0.002 1000.0 1 0 0 0
forceCtrlZ 0.04326688000000013 0.002 1000.0 1 0 0 0
forceCtrlZ 0.04353780000000013 0.002 1000.0 1 0 0 0
forceCtrlZ 0.043808720000000134 0.002 1000.0 1 0 0 0
forceCtrlZ 0.044079640000000135 0.002 1000.0 1 0 0 0
forceCtrlZ 0.044350560000000136 0.002 1000.0 1 0 0 0
forceCtrlZ 0.04462148000000014 0.002 1000.0 1 0 0 0
forceCtrlZ 0.04489240000000014 0.002 1000.0 1 0 0 0
forceCtrlZ 0.04516332000000014 0.002 1000.0 1 0 0 0
forceCtrlZ 0.04543424000000014 0.002 1000.0 1 0 0 0
forceCtrlZ 0.04570516000000014 0.002 1000.0 1 0 0 0
forceCtrlZ 0.04597608000000014 0.002 1000.0 1 0 0 0
forceCtrlZ 0.04624700000000014 0.002 1000.0 1 0 0 0
forceCtrlZ 0.04651792000000014 0.002 1000.0 1 0 0 0
forceCtrlZ 0.046788840000000144 0.002 1000.0 1 0 0 0
forceCtrlZ 0.047059760000000145 0.002 1000.0 1 0 0 0
forceCtrlZ 0.047330680000000146 0.002 1000.0 1 0 0 0
forceCtrlZ 0.04760160000000015 0.002 1000.0 1 0 0 0
forceCtrlZ 0.04787252000000015 0.002 1000.0 1 0 0 0
forceCtrlZ 0.04814344000000015 0.002 1000.0 1 0 0 0
forceCtrlZ 0.04841436000000015 0.002 1000.0 1 0 0 0
forceCtrlZ 0.04868528000000015 0.002 1000.0 1 0 0 0
forceCtrlZ 0.04895620000000015 0.002 1000.0 1 0 0 0
forceCtrlZ 0.04922712000000015 0.002 1000.0 1 0 0 0
forceCtrlZ 0.04949804000000015 0.002 1000.0 1 0 0 0
forceCtrlZ 0.049768960000000154 0.002 1000.0 1 0 0 0
forceCtrlZ 0.050039880000000155 0.002 1000.0 1 0 0 0
forceCtrlZ 0.050310800000000155 0.002 1000.0 1 0 0 0
forceCtrlZ 0.050581720000000156 0.002 1000.0 1 0 0 0
forceCtrlZ 0.05085264000000016 0.002 1000.0 1 0 0 0
forceCtrlZ 0.05112356000000016 0.002 1000.0 1 0 0 0
forceCtrlZ 0.05139448000000016 0.002 1000.0 1 0 0 0
forceCtrlZ 0.05166540000000016 0.002 1000.0 1 0 0 0
forceCtrlZ 0.05193632000000016 0.002 1000.0 1 0 0 0
forceCtrlZ 0.05220724000000016 0.002 1000.0 1 0 0 0
forceCtrlZ 0.05247816000000016 0.002 1000.0 1 0 0 0
forceCtrlZ 0.05274908000000016 0.002 1000.0 1 0 0 0
forceCtrlZ 0.053020000000000164 0.002 1000.0 1 0 0 0
forceCtrlZ 0.053290920000000165 0.002 1000.0 1 0 0 0
forceCtrlZ 0.053561840000000166 0.002 1000.0 1 0 0 0
forceCtrlZ 0.05383276000000017 0.002 1000.0 1 0 0 0
forceCtrlZ 0.05410368000000017 0.002 1000.0 1 0 0 0
forceCtrlZ 0.05437460000000017 0.002 1000.0 1 0 0 0
forceCtrlZ 0.05464552000000017 0.002 1000.0 1 0 0 0
forceCtrlZ 0.05491644000000017 0.002 1000.0 1 0 0 0
forceCtrlZ 0.05518736000000017 0.002 1000.0 1 0 0 0
forceCtrlZ 0.05545828000000017 0.002 1000.0 1 0 0 0
forceCtrlZ 0.05572920000000017 0.002 1000.0 1 0 0 0
forceCtrlZ 0.056000120000000174 0.002 1000.0 1 0 0 0
forceCtrlZ 0.056271040000000175 0.002 1000.0 1 0 0 0
forceCtrlZ 0.056541960000000176 0.002 1000.0 1 0 0 0
forceCtrlZ 0.05681288000000018 0.002 1000.0 1 0 0 0
forceCtrlZ 0.05708380000000018 0.002 1000.0 1 0 0 0
forceCtrlZ 0.05735472000000018 0.002 1000.0 1 0 0 0
forceCtrlZ 0.05762564000000018 0.002 1000.0 1 0 0 0
forceCtrlZ 0.05789656000000018 0.002 1000.0 1 0 0 0
forceCtrlZ 0.05816748000000018 0.002 1000.0 1 0 0 0
forceCtrlZ 0.05843840000000018 0.002 1000.0 1 0 0 0
forceCtrlZ 0.05870932000000018 0.002 1000.0 1 0 0 0
forceCtrlZ 0.058980240000000184 0.002 1000.0 1 0 0 0
forceCtrlZ 0.059251160000000185 0.002 1000.0 1 0 0 0
forceCtrlZ 0.059522080000000185 0.002 1000.0 1 0 0 0
forceCtrlZ 0.059793000000000186 0.002 1000.0 1 0 0 0
forceCtrlZ 0.06006392000000019 0.002 1000.0 1 0 0 0
forceCtrlZ 0.06033484000000019 0.002 1000.0 1 0 0 0
forceCtrlZ 0.06060576000000019 0.002 1000.0 1 0 0 0
forceCtrlZ 0.06087668000000019 0.002 1000.0 1 0 0 0
forceCtrlZ 0.06114760000000019 0.002 1000.0 1 0 0 0
forceCtrlZ 0.06141532000000019 0.002 1000.0 1 0 0 0
forceCtrlZ 0.06167984000000019 0.002 1000.0 1 0 0 0
forceCtrlZ 0.06194116000000019 0.002 1000.0 1 0 0 0
forceCtrlZ 0.06219928000000019 0.002 1000.0 1 0 0 0
forceCtrlZ 0.06245420000000019 0.002 1000.0 1 0 0 0
forceCtrlZ 0.06270592000000019 0.002 1000.0 1 0 0 0
forceCtrlZ 0.0629544400000002 0.002 1000.0 1 0 0 0
forceCtrlZ 0.06319976000000019 0.002 1000.0 1 0 0 0
forceCtrlZ 0.06344188000000019 0.002 1000.0 1 0 0 0
forceCtrlZ 0.06368080000000019 0.002 1000.0 1 0 0 0
forceCtrlZ 0.06391652000000018 0.002 1000.0 1 0 0 0
forceCtrlZ 0.06414904000000018 0.002 1000.0 1 0 0 0
forceCtrlZ 0.06437836000000019 0.002 1000.0 1 0 0 0
forceCtrlZ 0.06460448000000019 0.002 1000.0 1 0 0 0
forceCtrlZ 0.06482740000000019 0.002 1000.0 1 0 0 0
forceCtrlZ 0.0650471200000002 0.002 1000.0 1 0 0 0
forceCtrlZ 0.06526364000000019 0.002 1000.0 1 0 0 0
forceCtrlZ 0.0654769600000002 0.002 1000.0 1 0 0 0
forceCtrlZ 0.06568708000000019 0.002 1000.0 1 0 0 0
forceCtrlZ 0.06589400000000019 0.002 1000.0 1 0 0 0
forceCtrlZ 0.06609772000000019 0.002 1000.0 1 0 0 0
forceCtrlZ 0.06629824000000019 0.002 1000.0 1 0 0 0
forceCtrlZ 0.06649556000000019 0.002 1000.0 1 0 0 0
forceCtrlZ 0.0666896800000002 0.002 1000.0 1 0 0 0
forceCtrlZ 0.06688060000000019 0.002 1000.0 1 0 0 0
forceCtrlZ 0.0670683200000002 0.002 1000.0 1 0 0 0
forceCtrlZ 0.06725284000000019 0.002 1000.0 1 0 0 0
forceCtrlZ 0.06743416000000019 0.002 1000.0 1 0 0 0
forceCtrlZ 0.06761228000000019 0.002 1000.0 1 0 0 0
forceCtrlZ 0.06778720000000019 0.002 1000.0 1 0 0 0
forceCtrlZ 0.06795892000000019 0.002 1000.0 1 0 0 0
forceCtrlZ 0.06812744000000019 0.002 1000.0 1 0 0 0
forceCtrlZ 0.06829276000000019 0.002 1000.0 1 0 0 0
forceCtrlZ 0.06845488000000019 0.002 1000.0 1 0 0 0
forceCtrlZ 0.06861380000000018 0.002 1000.0 1 0 0 0
forceCtrlZ 0.06876952000000018 0.002 1000.0 1 0 0 0
forceCtrlZ 0.06892204000000018 0.002 1000.0 1 0 0 0
forceCtrlZ 0.06907136000000018 0.002 1000.0 1 0 0 0
forceCtrlZ 0.06921748000000018 0.002 1000.0 1 0 0 0
forceCtrlZ 0.06936040000000018 0.002 1000.0 1 0 0 0
forceCtrlZ 0.06950012000000018 0.002 1000.0 1 0 0 0
forceCtrlZ 0.06963664000000018 0.002 1000.0 1 0 0 0
forceCtrlZ 0.06976996000000019 0.002 1000.0 1 0 0 0
forceCtrlZ 0.06990008000000018 0.002 1000.0 1 0 0 0
forceCtrlZ 0.07002700000000019 0.002 1000.0 1 0 0 0
forceCtrlZ 0.07015072000000018 0.002 1000.0 1 0 0 0
forceCtrlZ 0.07027124000000018 0.002 1000.0 1 0 0 0
forceCtrlZ 0.07038856000000018 0.002 1000.0 1 0 0 0
forceCtrlZ 0.07050268000000018 0.002 1000.0 1 0 0 0
forceCtrlZ 0.07061360000000018 0.002 1000.0 1 0 0 0
forceCtrlZ 0.07072132000000018 0.002 1000.0 1 0 0 0
forceCtrlZ 0.07082584000000018 0.002 1000.0 1 0 0 0
forceCtrlZ 0.07092716000000018 0.002 1000.0 1 0 0 0
forceCtrlZ 0.07102528000000018 0.002 1000.0 1 0 0 0
forceCtrlZ 0.07112020000000017 0.002 1000.0 1 0 0 0
forceCtrlZ 0.07121192000000018 0.002 1000.0 1 0 0 0
forceCtrlZ 0.07130044000000017 0.002 1000.0 1 0 0 0
forceCtrlZ 0.07138576000000017 0.002 1000.0 1 0 0 0
forceCtrlZ 0.07146788000000018 0.002 1000.0 1 0 0 0
forceCtrlZ 0.07154680000000017 0.002 1000.0 1 0 0 0
forceCtrlZ 0.07162252000000018 0.002 1000.0 1 0 0 0
forceCtrlZ 0.07169504000000018 0.002 1000.0 1 0 0 0
forceCtrlZ 0.07176436000000018 0.002 1000.0 1 0 0 0
forceCtrlZ 0.07183048000000018 0.002 1000.0 1 0 0 0
forceCtrlZ 0.07189340000000018 0.002 1000.0 1 0 0 0
forceCtrlZ 0.07195312000000018 0.002 1000.0 1 0 0 0
forceCtrlZ 0.07200964000000018 0.002 1000.0 1 0 0 0
forceCtrlZ 0.07206296000000018 0.002 1000.0 1 0 0 0
forceCtrlZ 0.07211308000000018 0.002 1000.0 1 0 0 0
forceCtrlZ 0.07216000000000018 0.002 1000.0 1 0 0 0
forceCtrlZ 0.07220372000000018 0.002 1000.0 1 0 0 0
forceCtrlZ 0.07224424000000018 0.002 1000.0 1 0 0 0
forceCtrlZ 0.07228156000000018 0.002 1000.0 1 0 0 0
forceCtrlZ 0.07231568000000017 0.002 1000.0 1 0 0 0
forceCtrlZ 0.07234660000000018 0.002 1000.0 1 0 0 0
forceCtrlZ 0.07237432000000017 0.002 1000.0 1 0 0 0
forceCtrlZ 0.07239884000000017 0.002 1000.0 1 0 0 0
forceCtrlZ 0.07242016000000018 0.002 1000.0 1 0 0 0
forceCtrlZ 0.07243828000000017 0.002 1000.0 1 0 0 0
forceCtrlZ 0.07245320000000018 0.002 1000.0 1 0 0 0
forceCtrlZ 0.07246492000000018 0.002 1000.0 1 0 0 0
forceCtrlZ 0.07247344000000018 0.002 1000.0 1 0 0 0
forceCtrlZ 0.07248144000000017 0.002 1000.0 1 0 0 0
forceCtrlZ 0.07248944000000017 0.002 1000.0 1 0 0 0
forceCtrlZ 0.07249744000000016 0.002 1000.0 1 0 0 0
forceCtrlZ 0.07250544000000016 0.002 1000.0 1 0 0 0
forceCtrlZ 0.07251344000000015 0.002 1000.0 1 0 0 0
forceCtrlZ 0.07252144000000015 0.002 1000.0 1 0 0 0
forceCtrlZ 0.07252944000000014 0.002 1000.0 1 0 0 0
forceCtrlZ 0.07253744000000013 0.002 1000.0 1 0 0 0
forceCtrlZ 0.07254544000000013 0.002 1000.0 1 0 0 0
forceCtrlZ 0.07255344000000012 0.002 1000.0 1 0 0 0
forceCtrlZ 0.07256144000000012 0.002 1000.0 1 0 0 0
forceCtrlZ 0.07256944000000011 0.002 1000.0 1 0 0 0
forceCtrlZ 0.0725774400000001 0.002 1000.0 1 0 0 0
forceCtrlZ 0.0725854400000001 0.002 1000.0 1 0 0 0
forceCtrlZ 0.07259344000000009 0.002 1000.0 1 0 0 0
forceCtrlZ 0.07260144000000009 0.002 1000.0 1 0 0 0
forceCtrlZ 0.07260944000000008 0.002 1000.0 1 0 0 0
forceCtrlZ 0.07261744000000007 0.002 1000.0 1 0 0 0
forceCtrlZ 0.07262544000000007 0.002 1000.0 1 0 0 0
forceCtrlZ 0.07263344000000006 0.002 1000.0 1 0 0 0
forceCtrlZ 0.07264144000000006 0.002 1000.0 1 0 0 0
forceCtrlZ 0.07264944000000005 0.002 1000.0 1 0 0 0
forceCtrlZ 0.07265744000000005 0.002 1000.0 1 0 0 0
forceCtrlZ 0.07266544000000004 0.002 1000.0 1 0 0 0
forceCtrlZ 0.07267344000000003 0.002 1000.0 1 0 0 0
forceCtrlZ 0.07268144000000003 0.002 1000.0 1 0 0 0
forceCtrlZ 0.07268944000000002 0.002 1000.0 1 0 0 0
forceCtrlZ 0.07269744000000002 0.002 1000.0 1 0 0 0
forceCtrlZ 0.07270544000000001 0.002 1000.0 1 0 0 0
forceCtrlZ 0.07271344 0.002 1000.0 1 0 0 0
forceCtrlZ 0.07272144 0.002 1000.0 1 0 0 0
forceCtrlZ 0.07272943999999999 0.002 1000.0 1 0 0 0
forceCtrlZ 0.07273743999999999 0.002 1000.0 1 0 0 0
forceCtrlZ 0.07274543999999998 0.002 1000.0 1 0 0 0
forceCtrlZ 0.07275343999999997 0.002 1000.0 1 0 0 0
forceCtrlZ 0.07276143999999997 0.002 1000.0 1 0 0 0
forceCtrlZ 0.07276943999999996 0.002 1000.0 1 0 0 0
forceCtrlZ 0.07277743999999996 0.002 1000.0 1 0 0 0
forceCtrlZ 0.07278543999999995 0.002 1000.0 1 0 0 0
forceCtrlZ 0.07279343999999995 0.002 1000.0 1 0 0 0
forceCtrlZ 0.07280143999999994 0.002 1000.0 1 0 0 0
forceCtrlZ 0.07280943999999993 0.002 1000.0 1 0 0 0
forceCtrlZ 0.07281743999999993 0.002 1000.0 1 0 0 0
forceCtrlZ 0.07282543999999992 0.002 1000.0 1 0 0 0
forceCtrlZ 0.07283343999999992 0.002 1000.0 1 0 0 0
forceCtrlZ 0.07284143999999991 0.002 1000.0 1 0 0 0
forceCtrlZ 0.0728494399999999 0.002 1000.0 1 0 0 0
forceCtrlZ 0.0728574399999999 0.002 1000.0 1 0 0 0
forceCtrlZ 0.07286543999999989 0.002 1000.0 1 0 0 0
forceCtrlZ 0.07287343999999989 0.002 1000.0 1 0 0 0
forceCtrlZ 0.07288143999999988 0.002 1000.0 1 0 0 0
forceCtrlZ 0.07288943999999987 0.002 1000.0 1 0 0 0
forceCtrlZ 0.07289743999999987 0.002 1000.0 1 0 0 0
forceCtrlZ 0.07290543999999986 0.002 1000.0 1 0 0 0
forceCtrlZ 0.07291343999999986 0.002 1000.0 1 0 0 0
forceCtrlZ 0.07292143999999985 0.002 1000.0 1 0 0 0
forceCtrlZ 0.07292943999999985 0.002 1000.0 1 0 0 0
forceCtrlZ 0.07293743999999984 0.002 1000.0 1 0 0 0
forceCtrlZ 0.07294543999999983 0.002 1000.0 1 0 0 0
forceCtrlZ 0.07295343999999983 0.002 1000.0 1 0 0 0
forceCtrlZ 0.07296143999999982 0.002 1000.0 1 0 0 0
forceCtrlZ 0.07296943999999982 0.002 1000.0 1 0 0 0
forceCtrlZ 0.07297743999999981 0.002 1000.0 1 0 0 0
forceCtrlZ 0.0729854399999998 0.002 1000.0 1 0 0 0
forceCtrlZ 0.0729934399999998 0.002 1000.0 1 0 0 0
forceCtrlZ 0.07300143999999979 0.002 1000.0 1 0 0 0
forceCtrlZ 0.07300943999999979 0.002 1000.0 1 0 0 0
forceCtrlZ 0.07301743999999978 0.002 1000.0 1 0 0 0
forceCtrlZ 0.07302543999999977 0.002 1000.0 1 0 0 0
forceCtrlZ 0.07303343999999977 0.002 1000.0 1 0 0 0
forceCtrlZ 0.07304143999999976 0.002 1000.0 1 0 0 0
forceCtrlZ 0.07304943999999976 0.002 1000.0 1 0 0 0
forceCtrlZ 0.07305743999999975 0.002 1000.0 1 0 0 0
forceCtrlZ 0.07306543999999975 0.002 1000.0 1 0 0 0
forceCtrlZ 0.07307343999999974 0.002 1000.0 1 0 0 0
forceCtrlZ 0.07308143999999973 0.002 1000.0 1 0 0 0
forceCtrlZ 0.07308943999999973 0.002 1000.0 1 0 0 0
forceCtrlZ 0.07309743999999972 0.002 1000.0 1 0 0 0
forceCtrlZ 0.07310543999999972 0.002 1000.0 1 0 0 0
forceCtrlZ 0.07311343999999971 0.002 1000.0 1 0 0 0
forceCtrlZ 0.0731214399999997 0.002 1000.0 1 0 0 0
forceCtrlZ 0.0731294399999997 0.002 1000.0 1 0 0 0
forceCtrlZ 0.07313743999999969 0.002 1000.0 1 0 0 0
forceCtrlZ 0.07314543999999969 0.002 1000.0 1 0 0 0
forceCtrlZ 0.07315343999999968 0.002 1000.0 1 0 0 0
forceCtrlZ 0.07316143999999968 0.002 1000.0 1 0 0 0
forceCtrlZ 0.07316943999999967 0.002 1000.0 1 0 0 0
forceCtrlZ 0.07317743999999966 0.002 1000.0 1 0 0 0
forceCtrlZ 0.07318543999999966 0.002 1000.0 1 0 0 0
forceCtrlZ 0.07319343999999965 0.002 1000.0 1 0 0 0
forceCtrlZ 0.07320143999999965 0.002 1000.0 1 0 0 0
forceCtrlZ 0.07320943999999964 0.002 1000.0 1 0 0 0
forceCtrlZ 0.07321743999999963 0.002 1000.0 1 0 0 0
forceCtrlZ 0.07322543999999963 0.002 1000.0 1 0 0 0
forceCtrlZ 0.07323343999999962 0.002 1000.0 1 0 0 0
forceCtrlZ 0.07324143999999962 0.002 1000.0 1 0 0 0
forceCtrlZ 0.07324943999999961 0.002 1000.0 1 0 0 0
forceCtrlZ 0.0732574399999996 0.002 1000.0 1 0 0 0
forceCtrlZ 0.0732654399999996 0.002 1000.0 1 0 0 0
forceCtrlZ 0.07327343999999959 0.002 1000.0 1 0 0 0
forceCtrlZ 0.07328143999999959 0.002 1000.0 1 0 0 0
forceCtrlZ 0.07328943999999958 0.002 1000.0 1 0 0 0
forceCtrlZ 0.07329743999999958 0.002 1000.0 1 0 0 0
forceCtrlZ 0.07330543999999957 0.002 1000.0 1 0 0 0
forceCtrlZ 0.07331343999999956 0.002 1000.0 1 0 0 0
forceCtrlZ 0.07332143999999956 0.002 1000.0 1 0 0 0
forceCtrlZ 0.07332943999999955 0.002 1000.0 1 0 0 0
forceCtrlZ 0.07333743999999955 0.002 1000.0 1 0 0 0
forceCtrlZ 0.07334543999999954 0.002 1000.0 1 0 0 0
forceCtrlZ 0.07335343999999953 0.002 1000.0 1 0 0 0
forceCtrlZ 0.07336143999999953 0.002 1000.0 1 0 0 0
forceCtrlZ 0.07336943999999952 0.002 1000.0 1 0 0 0
forceCtrlZ 0.07337743999999952 0.002 1000.0 1 0 0 0
forceCtrlZ 0.07338543999999951 0.002 1000.0 1 0 0 0
forceCtrlZ 0.0733934399999995 0.002 1000.0 1 0 0 0
forceCtrlZ 0.0734014399999995 0.002 1000.0 1 0 0 0
forceCtrlZ 0.07340943999999949 0.002 1000.0 1 0 0 0
forceCtrlZ 0.07341743999999949 0.002 1000.0 1 0 0 0
forceCtrlZ 0.07342543999999948 0.002 1000.0 1 0 0 0
forceCtrlZ 0.07343343999999948 0.002 1000.0 1 0 0 0
forceCtrlZ 0.07344143999999947 0.002 1000.0 1 0 0 0
forceCtrlZ 0.07344943999999946 0.002 1000.0 1 0 0 0
forceCtrlZ 0.07345743999999946 0.002 1000.0 1 0 0 0
forceCtrlZ 0.07346543999999945 0.002 1000.0 1 0 0 0
forceCtrlZ 0.07347343999999945 0.002 1000.0 1 0 0 0
forceCtrlZ 0.07348143999999944 0.002 1000.0 1 0 0 0
forceCtrlZ 0.07348943999999943 0.002 1000.0 1 0 0 0
forceCtrlZ 0.07349743999999943 0.002 1000.0 1 0 0 0
forceCtrlZ 0.07350543999999942 0.002 1000.0 1 0 0 0
forceCtrlZ 0.07351343999999942 0.002 1000.0 1 0 0 0
forceCtrlZ 0.07352143999999941 0.002 1000.0 1 0 0 0
forceCtrlZ 0.0735294399999994 0.002 1000.0 1 0 0 0
forceCtrlZ 0.0735374399999994 0.002 1000.0 1 0 0 0
forceCtrlZ 0.07354543999999939 0.002 1000.0 1 0 0 0
forceCtrlZ 0.07355343999999939 0.002 1000.0 1 0 0 0
forceCtrlZ 0.07356143999999938 0.002 1000.0 1 0 0 0
forceCtrlZ 0.07356943999999938 0.002 1000.0 1 0 0 0
forceCtrlZ 0.07357743999999937 0.002 1000.0 1 0 0 0
forceCtrlZ 0.07358543999999936 0.002 1000.0 1 0 0 0
forceCtrlZ 0.07359343999999936 0.002 1000.0 1 0 0 0
forceCtrlZ 0.07360143999999935 0.002 1000.0 1 0 0 0
forceCtrlZ 0.07360943999999935 0.002 1000.0 1 0 0 0
forceCtrlZ 0.07361743999999934 0.002 1000.0 1 0 0 0
forceCtrlZ 0.07362543999999933 0.002 1000.0 1 0 0 0
forceCtrlZ 0.07363343999999933 0.002 1000.0 1 0 0 0
forceCtrlZ 0.07364143999999932 0.002 1000.0 1 0 0 0
forceCtrlZ 0.07364943999999932 0.002 1000.0 1 0 0 0
forceCtrlZ 0.07365743999999931 0.002 1000.0 1 0 0 0
forceCtrlZ 0.0736654399999993 0.002 1000.0 1 0 0 0
forceCtrlZ 0.0736734399999993 0.002 1000.0 1 0 0 0
forceCtrlZ 0.07368143999999929 0.002 1000.0 1 0 0 0
forceCtrlZ 0.07368943999999929 0.002 1000.0 1 0 0 0
forceCtrlZ 0.07369743999999928 0.002 1000.0 1 0 0 0
forceCtrlZ 0.07370543999999928 0.002 1000.0 1 0 0 0
forceCtrlZ 0.07371343999999927 0.002 1000.0 1 0 0 0
forceCtrlZ 0.07372143999999926 0.002 1000.0 1 0 0 0
forceCtrlZ 0.07372943999999926 0.002 1000.0 1 0 0 0
forceCtrlZ 0.07373743999999925 0.002 1000.0 1 0 0 0
forceCtrlZ 0.07374543999999925 0.002 1000.0 1 0 0 0
forceCtrlZ 0.07375343999999924 0.002 1000.0 1 0 0 0
forceCtrlZ 0.07376143999999923 0.002 1000.0 1 0 0 0
forceCtrlZ 0.07376943999999923 0.002 1000.0 1 0 0 0
forceCtrlZ 0.07377743999999922 0.002 1000.0 1 0 0 0
forceCtrlZ 0.07378543999999922 0.002 1000.0 1 0 0 0
forceCtrlZ 0.07379343999999921 0.002 1000.0 1 0 0 0
forceCtrlZ 0.0738014399999992 0.002 1000.0 1 0 0 0
forceCtrlZ 0.0738094399999992 0.002 1000.0 1 0 0 0
forceCtrlZ 0.0738174399999992 0.002 1000.0 1 0 0 0
forceCtrlZ 0.07382543999999919 0.002 1000.0 1 0 0 0
forceCtrlZ 0.07383343999999918 0.002 1000.0 1 0 0 0
forceCtrlZ 0.07384143999999918 0.002 1000.0 1 0 0 0
forceCtrlZ 0.07384943999999917 0.002 1000.0 1 0 0 0
forceCtrlZ 0.07385743999999916 0.002 1000.0 1 0 0 0
forceCtrlZ 0.07386543999999916 0.002 1000.0 1 0 0 0
forceCtrlZ 0.07387343999999915 0.002 1000.0 1 0 0 0
forceCtrlZ 0.07388143999999915 0.002 1000.0 1 0 0 0
forceCtrlZ 0.07388943999999914 0.002 1000.0 1 0 0 0
forceCtrlZ 0.07389743999999913 0.002 1000.0 1 0 0 0
forceCtrlZ 0.07390543999999913 0.002 1000.0 1 0 0 0
forceCtrlZ 0.07391343999999912 0.002 1000.0 1 0 0 0
forceCtrlZ 0.07392143999999912 0.002 1000.0 1 0 0 0
forceCtrlZ 0.07392943999999911 0.002 1000.0 1 0 0 0
forceCtrlZ 0.0739374399999991 0.002 1000.0 1 0 0 0
forceCtrlZ 0.0739454399999991 0.002 1000.0 1 0 0 0
forceCtrlZ 0.0739534399999991 0.002 1000.0 1 0 0 0
forceCtrlZ 0.07396143999999909 0.002 1000.0 1 0 0 0
forceCtrlZ 0.07396943999999908 0.002 1000.0 1 0 0 0
forceCtrlZ 0.07397743999999908 0.002 1000.0 1 0 0 0
forceCtrlZ 0.07398543999999907 0.002 1000.0 1 0 0 0
forceCtrlZ 0.07399343999999906 0.002 1000.0 1 0 0 0
forceCtrlZ 0.07400143999999906 0.002 1000.0 1 0 0 0
forceCtrlZ 0.07400943999999905 0.002 1000.0 1 0 0 0
forceCtrlZ 0.07401743999999905 0.002 1000.0 1 0 0 0
forceCtrlZ 0.07402543999999904 0.002 1000.0 1 0 0 0
forceCtrlZ 0.07403343999999903 0.002 1000.0 1 0 0 0
forceCtrlZ 0.07404143999999903 0.002 1000.0 1 0 0 0
forceCtrlZ 0.07404943999999902 0.002 1000.0 1 0 0 0
forceCtrlZ 0.07405743999999902 0.002 1000.0 1 0 0 0
forceCtrlZ 0.07406543999999901 0.002 1000.0 1 0 0 0
forceCtrlZ 0.074073439999999 0.002 1000.0 1 0 0 0
forceCtrlZ 0.074081439999999 0.002 1000.0 1 0 0 0
forceCtrlZ 0.074089439999999 0.002 1000.0 1 0 0 0
forceCtrlZ 0.07409743999999899 0.002 995.7553956839098 1 0 0 0
forceCtrlZ 0.07410543999999898 0.002 992.1582733817543 1 0 0 0
forceCtrlZ 0.07411343999999898 0.002 988.5611510795986 1 0 0 0
forceCtrlZ 0.07412143999999897 0.002 984.964028777443 1 0 0 0
forceCtrlZ 0.07412943999999896 0.002 981.3669064752874 1 0 0 0
forceCtrlZ 0.07413743999999896 0.002 977.7697841731317 1 0 0 0
forceCtrlZ 0.07414543999999895 0.002 974.1726618709762 1 0 0 0
forceCtrlZ 0.07415343999999895 0.002 970.5755395688205 1 0 0 0
forceCtrlZ 0.07416143999999894 0.002 966.9784172666649 1 0 0 0
forceCtrlZ 0.07416943999999893 0.002 963.3812949645093 1 0 0 0
forceCtrlZ 0.07417743999999893 0.002 959.7841726623536 1 0 0 0
forceCtrlZ 0.07418543999999892 0.002 956.187050360198 1 0 0 0
forceCtrlZ 0.07419343999999892 0.002 952.5899280580423 1 0 0 0
forceCtrlZ 0.07420143999999891 0.002 948.9928057558867 1 0 0 0
forceCtrlZ 0.0742094399999989 0.002 945.3956834537311 1 0 0 0
forceCtrlZ 0.0742174399999989 0.002 941.7985611515753 1 0 0 0
forceCtrlZ 0.0742254399999989 0.002 938.2014388494198 1 0 0 0
forceCtrlZ 0.07423343999999889 0.002 934.6043165472641 1 0 0 0
forceCtrlZ 0.07424143999999888 0.002 931.0071942451085 1 0 0 0
forceCtrlZ 0.07424943999999888 0.002 927.4100719429529 1 0 0 0
forceCtrlZ 0.07425743999999887 0.002 923.8129496407972 1 0 0 0
forceCtrlZ 0.07426543999999886 0.002 920.2158273386416 1 0 0 0
forceCtrlZ 0.07427343999999886 0.002 916.618705036486 1 0 0 0
forceCtrlZ 0.07428143999999885 0.002 913.0215827343304 1 0 0 0
forceCtrlZ 0.07428943999999885 0.002 909.4244604321748 1 0 0 0
forceCtrlZ 0.07429743999999884 0.002 905.8273381300191 1 0 0 0
forceCtrlZ 0.07430543999999883 0.002 902.2302158278635 1 0 0 0
forceCtrlZ 0.07431343999999883 0.002 898.6330935257079 1 0 0 0
forceCtrlZ 0.07432143999999882 0.002 895.0359712235522 1 0 0 0
forceCtrlZ 0.07432943999999882 0.002 891.4388489213966 1 0 0 0
forceCtrlZ 0.07433743999999881 0.002 887.841726619241 1 0 0 0
forceCtrlZ 0.0743454399999988 0.002 884.2446043170854 1 0 0 0
forceCtrlZ 0.0743534399999988 0.002 880.6474820149298 1 0 0 0
forceCtrlZ 0.0743614399999988 0.002 877.0503597127741 1 0 0 0
forceCtrlZ 0.07436943999999879 0.002 873.4532374106185 1 0 0 0
forceCtrlZ 0.07437743999999878 0.002 869.8561151084629 1 0 0 0
forceCtrlZ 0.07438543999999878 0.002 866.2589928063072 1 0 0 0
forceCtrlZ 0.07439343999999877 0.002 862.6618705041516 1 0 0 0
forceCtrlZ 0.07440143999999876 0.002 859.0647482019958 1 0 0 0
forceCtrlZ 0.07440943999999876 0.002 855.4676258998402 1 0 0 0
forceCtrlZ 0.07441743999999875 0.002 851.8705035976845 1 0 0 0
forceCtrlZ 0.07442543999999875 0.002 848.2733812955289 1 0 0 0
forceCtrlZ 0.07443343999999874 0.002 844.6762589933734 1 0 0 0
forceCtrlZ 0.07444143999999873 0.002 841.0791366912177 1 0 0 0
forceCtrlZ 0.07444943999999873 0.002 837.4820143890621 1 0 0 0
forceCtrlZ 0.07445743999999872 0.002 833.8848920869065 1 0 0 0
forceCtrlZ 0.07446543999999872 0.002 830.2877697847508 1 0 0 0
forceCtrlZ 0.07447343999999871 0.002 826.6906474825953 1 0 0 0
forceCtrlZ 0.0744814399999987 0.002 823.0935251804397 1 0 0 0
forceCtrlZ 0.0744894399999987 0.002 819.496402878284 1 0 0 0
forceCtrlZ 0.0744974399999987 0.002 815.8992805761284 1 0 0 0
forceCtrlZ 0.07450543999999869 0.002 812.3021582739727 1 0 0 0
forceCtrlZ 0.07451343999999868 0.002 808.7050359718171 1 0 0 0
forceCtrlZ 0.07452143999999868 0.002 805.1079136696615 1 0 0 0
forceCtrlZ 0.07452943999999867 0.002 801.5107913675058 1 0 0 0
forceCtrlZ 0.07453743999999866 0.002 797.9136690653502 1 0 0 0
forceCtrlZ 0.07454543999999866 0.002 794.3165467631945 1 0 0 0
forceCtrlZ 0.07455343999999865 0.002 790.719424461039 1 0 0 0
forceCtrlZ 0.07456143999999865 0.002 787.1223021588834 1 0 0 0
forceCtrlZ 0.07456943999999864 0.002 783.5251798567277 1 0 0 0
forceCtrlZ 0.07457743999999863 0.002 779.9280575545721 1 0 0 0
forceCtrlZ 0.07458543999999863 0.002 776.3309352524163 1 0 0 0
forceCtrlZ 0.07459343999999862 0.002 772.7338129502607 1 0 0 0
forceCtrlZ 0.07460143999999862 0.002 769.1366906481051 1 0 0 0
forceCtrlZ 0.07460943999999861 0.002 765.5395683459494 1 0 0 0
forceCtrlZ 0.0746174399999986 0.002 761.9424460437938 1 0 0 0
forceCtrlZ 0.0746254399999986 0.002 758.3453237416381 1 0 0 0
forceCtrlZ 0.0746334399999986 0.002 754.7482014394826 1 0 0 0
forceCtrlZ 0.07464143999999859 0.002 751.151079137327 1 0 0 0
forceCtrlZ 0.07464943999999858 0.002 747.5539568351713 1 0 0 0
forceCtrlZ 0.07465743999999858 0.002 743.9568345330157 1 0 0 0
forceCtrlZ 0.07466543999999857 0.002 740.3597122308602 1 0 0 0
forceCtrlZ 0.07467343999999856 0.002 736.7625899287044 1 0 0 0
forceCtrlZ 0.07468143999999856 0.002 733.1654676265489 1 0 0 0
forceCtrlZ 0.07468943999999855 0.002 729.5683453243932 1 0 0 0
forceCtrlZ 0.07469743999999855 0.002 725.9712230222376 1 0 0 0
forceCtrlZ 0.07470543999999854 0.002 722.374100720082 1 0 0 0
forceCtrlZ 0.07471343999999853 0.002 718.7769784179263 1 0 0 0
forceCtrlZ 0.07472143999999853 0.002 715.1798561157707 1 0 0 0
forceCtrlZ 0.07472943999999852 0.002 711.582733813615 1 0 0 0
forceCtrlZ 0.07473743999999852 0.002 707.9856115114594 1 0 0 0
forceCtrlZ 0.07474543999999851 0.002 704.3884892093038 1 0 0 0
forceCtrlZ 0.0747534399999985 0.002 700.7913669071481 1 0 0 0
forceCtrlZ 0.0747614399999985 0.002 697.1942446049925 1 0 0 0
forceCtrlZ 0.0747694399999985 0.002 693.5971223028369 1 0 0 0
forceCtrlZ 0.07477743999999849 0.002 690.0000000006812 1 0 0 0
forceCtrlZ 0.07478543999999848 0.002 686.4028776985257 1 0 0 0
forceCtrlZ 0.07479343999999848 0.002 682.8057553963699 1 0 0 0
forceCtrlZ 0.07480143999999847 0.002 679.2086330942144 1 0 0 0
forceCtrlZ 0.07480943999999846 0.002 675.6115107920587 1 0 0 0
forceCtrlZ 0.07481743999999846 0.002 672.014388489903 1 0 0 0
forceCtrlZ 0.07482543999999845 0.002 668.4172661877475 1 0 0 0
forceCtrlZ 0.07483343999999845 0.002 664.8201438855917 1 0 0 0
forceCtrlZ 0.07484143999999844 0.002 661.2230215834362 1 0 0 0
forceCtrlZ 0.07484943999999844 0.002 657.6258992812806 1 0 0 0
forceCtrlZ 0.07485743999999843 0.002 654.0287769791249 1 0 0 0
forceCtrlZ 0.07486543999999842 0.002 650.4316546769694 1 0 0 0
forceCtrlZ 0.07487343999999842 0.002 646.8345323748136 1 0 0 0
forceCtrlZ 0.07488143999999841 0.002 643.2374100726581 1 0 0 0
forceCtrlZ 0.0748894399999984 0.002 639.6402877705025 1 0 0 0
forceCtrlZ 0.0748974399999984 0.002 636.0431654683468 1 0 0 0
forceCtrlZ 0.0749054399999984 0.002 632.4460431661912 1 0 0 0
forceCtrlZ 0.07491343999999839 0.002 628.8489208640354 1 0 0 0
forceCtrlZ 0.07492143999999838 0.002 625.2517985618799 1 0 0 0
forceCtrlZ 0.07492943999999838 0.002 621.6546762597243 1 0 0 0
forceCtrlZ 0.07493743999999837 0.002 618.0575539575686 1 0 0 0
forceCtrlZ 0.07494543999999836 0.002 614.460431655413 1 0 0 0
forceCtrlZ 0.07495343999999836 0.002 610.8633093532574 1 0 0 0
forceCtrlZ 0.07496143999999835 0.002 607.2661870511017 1 0 0 0
forceCtrlZ 0.07496943999999835 0.002 603.6690647489461 1 0 0 0
forceCtrlZ 0.07497743999999834 0.002 600.0719424467904 1 0 0 0
forceCtrlZ 0.07498543999999834 0.002 596.4748201446348 1 0 0 0
forceCtrlZ 0.07499343999999833 0.002 592.8776978424792 1 0 0 0
forceCtrlZ 0.07500143999999832 0.002 589.2805755403235 1 0 0 0
forceCtrlZ 0.07500943999999832 0.002 585.6834532381679 1 0 0 0
forceCtrlZ 0.07501743999999831 0.002 582.0863309360122 1 0 0 0
forceCtrlZ 0.0750254399999983 0.002 578.4892086338567 1 0 0 0
forceCtrlZ 0.0750334399999983 0.002 574.892086331701 1 0 0 0
forceCtrlZ 0.0750414399999983 0.002 571.2949640295454 1 0 0 0
forceCtrlZ 0.07504943999999829 0.002 567.6978417273898 1 0 0 0
forceCtrlZ 0.07505743999999828 0.002 564.1007194252342 1 0 0 0
forceCtrlZ 0.07506543999999828 0.002 560.5035971230785 1 0 0 0
forceCtrlZ 0.07507343999999827 0.002 556.9064748209229 1 0 0 0
forceCtrlZ 0.07508143999999826 0.002 553.3093525187672 1 0 0 0
forceCtrlZ 0.07508943999999826 0.002 549.7122302166116 1 0 0 0
forceCtrlZ 0.07509743999999825 0.002 546.115107914456 1 0 0 0
forceCtrlZ 0.07510543999999825 0.002 542.5179856123003 1 0 0 0
forceCtrlZ 0.07511343999999824 0.002 538.9208633101448 1 0 0 0
forceCtrlZ 0.07512143999999824 0.002 535.323741007989 1 0 0 0
forceCtrlZ 0.07512943999999823 0.002 531.7266187058335 1 0 0 0
forceCtrlZ 0.07513743999999822 0.002 528.1294964036779 1 0 0 0
forceCtrlZ 0.07514543999999822 0.002 524.5323741015222 1 0 0 0
forceCtrlZ 0.07515343999999821 0.002 520.9352517993666 1 0 0 0
forceCtrlZ 0.0751614399999982 0.002 517.338129497211 1 0 0 0
forceCtrlZ 0.0751694399999982 0.002 513.7410071950553 1 0 0 0
forceCtrlZ 0.0751774399999982 0.002 510.1438848928997 1 0 0 0
forceCtrlZ 0.07518543999999819 0.002 506.5467625907441 1 0 0 0
forceCtrlZ 0.07519343999999818 0.002 502.94964028858845 1 0 0 0
forceCtrlZ 0.07519823999999818 0.002 500.79136690729376 1 0 0 0
forceCtrlZ 0.07519983999999819 0.002 500.0719424468602 1 0 0 0
forceCtrlZ 0.07519983999999819 0.002 500.0719424468602 1 0 0 0
forceCtrlZ 0.07519983999999819 0.002 498.47194244686017 1 0 0 0
forceCtrlZ 0.07519983999999819 0.002 496.87194244686015 1 0 0 0
forceCtrlZ 0.07519983999999819 0.002 495.2719424468601 1 0 0 0
forceCtrlZ 0.07519983999999819 0.002 493.6719424468601 1 0 0 0
forceCtrlZ 0.07519983999999819 0.002 492.0719424468601 1 0 0 0
forceCtrlZ 0.07519983999999819 0.002 490.47194244686006 1 0 0 0
forceCtrlZ 0.07519983999999819 0.002 488.87194244686003 1 0 0 0
forceCtrlZ 0.07519983999999819 0.002 487.27194244686 1 0 0 0
forceCtrlZ 0.07519983999999819 0.002 485.67194244686 1 0 0 0
forceCtrlZ 0.07519983999999819 0.002 484.07194244685996 1 0 0 0
forceCtrlZ 0.07519983999999819 0.002 482.47194244685994 1 0 0 0
forceCtrlZ 0.07519983999999819 0.002 480.8719424468599 1 0 0 0
forceCtrlZ 0.07519983999999819 0.002 479.2719424468599 1 0 0 0
forceCtrlZ 0.07519983999999819 0.002 477.6719424468599 1 0 0 0
forceCtrlZ 0.07519983999999819 0.002 476.07194244685985 1 0 0 0
forceCtrlZ 0.07519983999999819 0.002 474.4719424468598 1 0 0 0
forceCtrlZ 0.07519983999999819 0.002 472.8719424468598 1 0 0 0
forceCtrlZ 0.07519983999999819 0.002 471.2719424468598 1 0 0 0
forceCtrlZ 0.07519983999999819 0.002 469.67194244685976 1 0 0 0
forceCtrlZ 0.07519983999999819 0.002 468.07194244685974 1 0 0 0
forceCtrlZ 0.07519983999999819 0.002 466.4719424468597 1 0 0 0
forceCtrlZ 0.07519983999999819 0.002 464.8719424468597 1 0 0 0
forceCtrlZ 0.07519983999999819 0.002 463.27194244685967 1 0 0 0
forceCtrlZ 0.07519983999999819 0.002 461.67194244685965 1 0 0 0
forceCtrlZ 0.07519983999999819 0.002 460.0719424468596 1 0 0 0
forceCtrlZ 0.07519983999999819 0.002 458.4719424468596 1 0 0 0
forceCtrlZ 0.07519983999999819 0.002 456.8719424468596 1 0 0 0
forceCtrlZ 0.07519983999999819 0.002 455.27194244685955 1 0 0 0
forceCtrlZ 0.07519983999999819 0.002 453.67194244685953 1 0 0 0
forceCtrlZ 0.07519983999999819 0.002 452.0719424468595 1 0 0 0
forceCtrlZ 0.07519983999999819 0.002 450.4719424468595 1 0 0 0
forceCtrlZ 0.07519983999999819 0.002 448.87194244685946 1 0 0 0
forceCtrlZ 0.07519983999999819 0.002 447.27194244685944 1 0 0 0
forceCtrlZ 0.07519983999999819 0.002 445.6719424468594 1 0 0 0
forceCtrlZ 0.07519983999999819 0.002 444.0719424468594 1 0 0 0
forceCtrlZ 0.07519983999999819 0.002 442.4719424468594 1 0 0 0
forceCtrlZ 0.07519983999999819 0.002 440.87194244685935 1 0 0 0
forceCtrlZ 0.07519983999999819 0.002 439.2719424468593 1 0 0 0
forceCtrlZ 0.07519983999999819 0.002 437.6719424468593 1 0 0 0
forceCtrlZ 0.07519983999999819 0.002 436.0719424468593 1 0 0 0
forceCtrlZ 0.07519983999999819 0.002 434.47194244685926 1 0 0 0
forceCtrlZ 0.07519983999999819 0.002 432.87194244685924 1 0 0 0
forceCtrlZ 0.07519983999999819 0.002 431.2719424468592 1 0 0 0
forceCtrlZ 0.07519983999999819 0.002 429.6719424468592 1 0 0 0
forceCtrlZ 0.07519983999999819 0.002 428.07194244685917 1 0 0 0
forceCtrlZ 0.07519983999999819 0.002 426.47194244685915 1 0 0 0
forceCtrlZ 0.07519983999999819 0.002 424.8719424468591 1 0 0 0
forceCtrlZ 0.07519983999999819 0.002 423.2719424468591 1 0 0 0
forceCtrlZ 0.07519983999999819 0.002 421.6719424468591 1 0 0 0
forceCtrlZ 0.07519983999999819 0.002 420.07194244685905 1 0 0 0
forceCtrlZ 0.07519983999999819 0.002 418.47194244685903 1 0 0 0
forceCtrlZ 0.07519983999999819 0.002 416.871942446859 1 0 0 0
forceCtrlZ 0.07519983999999819 0.002 415.271942446859 1 0 0 0
forceCtrlZ 0.07519983999999819 0.002 413.67194244685896 1 0 0 0
forceCtrlZ 0.07519983999999819 0.002 412.07194244685894 1 0 0 0
forceCtrlZ 0.07519983999999819 0.002 410.4719424468589 1 0 0 0
forceCtrlZ 0.07519983999999819 0.002 408.8719424468589 1 0 0 0
forceCtrlZ 0.07519983999999819 0.002 407.2719424468589 1 0 0 0
forceCtrlZ 0.07519983999999819 0.002 405.67194244685885 1 0 0 0
forceCtrlZ 0.07519983999999819 0.002 404.0719424468588 1 0 0 0
forceCtrlZ 0.07519983999999819 0.002 402.4719424468588 1 0 0 0
forceCtrlZ 0.07519983999999819 0.002 400.8719424468588 1 0 0 0
forceCtrlZ 0.07519983999999819 0.002 399.27194244685876 1 0 0 0
forceCtrlZ 0.07519983999999819 0.002 397.67194244685874 1 0 0 0
forceCtrlZ 0.07519983999999819 0.002 396.0719424468587 1 0 0 0
forceCtrlZ 0.07519983999999819 0.002 394.4719424468587 1 0 0 0
forceCtrlZ 0.07519983999999819 0.002 392.87194244685867 1 0 0 0
forceCtrlZ 0.07519983999999819 0.002 391.27194244685865 1 0 0 0
forceCtrlZ 0.07519983999999819 0.002 389.6719424468586 1 0 0 0
forceCtrlZ 0.07519983999999819 0.002 388.0719424468586 1 0 0 0
forceCtrlZ 0.07519983999999819 0.002 386.4719424468586 1 0 0 0
forceCtrlZ 0.07519983999999819 0.002 384.87194244685855 1 0 0 0
forceCtrlZ 0.07519983999999819 0.002 383.27194244685853 1 0 0 0
forceCtrlZ 0.07519983999999819 0.002 381.6719424468585 1 0 0 0
forceCtrlZ 0.07519983999999819 0.002 380.0719424468585 1 0 0 0
forceCtrlZ 0.07519983999999819 0.002 378.47194244685846 1 0 0 0
forceCtrlZ 0.07519983999999819 0.002 376.87194244685844 1 0 0 0
forceCtrlZ 0.07519983999999819 0.002 375.2719424468584 1 0 0 0
forceCtrlZ 0.07519983999999819 0.002 373.6719424468584 1 0 0 0
forceCtrlZ 0.07519983999999819 0.002 372.0719424468584 1 0 0 0
forceCtrlZ 0.07519983999999819 0.002 370.47194244685835 1 0 0 0
forceCtrlZ 0.07519983999999819 0.002 368.8719424468583 1 0 0 0
forceCtrlZ 0.07519983999999819 0.002 367.2719424468583 1 0 0 0
forceCtrlZ 0.07519983999999819 0.002 365.6719424468583 1 0 0 0
forceCtrlZ 0.07519983999999819 0.002 364.07194244685826 1 0 0 0
forceCtrlZ 0.07519983999999819 0.002 362.47194244685824 1 0 0 0
forceCtrlZ 0.07519983999999819 0.002 360.8719424468582 1 0 0 0
forceCtrlZ 0.07519983999999819 0.002 359.2719424468582 1 0 0 0
forceCtrlZ 0.07519983999999819 0.002 357.67194244685817 1 0 0 0
forceCtrlZ 0.07519983999999819 0.002 356.07194244685815 1 0 0 0
forceCtrlZ 0.07519983999999819 0.002 354.4719424468581 1 0 0 0
forceCtrlZ 0.07519983999999819 0.002 352.8719424468581 1 0 0 0
forceCtrlZ 0.07519983999999819 0.002 351.2719424468581 1 0 0 0
forceCtrlZ 0.07519983999999819 0.002 349.67194244685805 1 0 0 0
forceCtrlZ 0.07519983999999819 0.002 348.07194244685803 1 0 0 0
forceCtrlZ 0.07519983999999819 0.002 346.471942446858 1 0 0 0
forceCtrlZ 0.07519983999999819 0.002 344.871942446858 1 0 0 0
forceCtrlZ 0.07519983999999819 0.002 343.27194244685796 1 0 0 0
forceCtrlZ 0.07519983999999819 0.002 341.67194244685794 1 0 0 0
forceCtrlZ 0.07519983999999819 0.002 340.0719424468579 1 0 0 0
forceCtrlZ 0.07519983999999819 0.002 338.4719424468579 1 0 0 0
forceCtrlZ 0.07519983999999819 0.002 336.8719424468579 1 0 0 0
forceCtrlZ 0.07519983999999819 0.002 335.27194244685785 1 0 0 0
forceCtrlZ 0.07519983999999819 0.002 333.6719424468578 1 0 0 0
forceCtrlZ 0.07519983999999819 0.002 332.0719424468578 1 0 0 0
forceCtrlZ 0.07519983999999819 0.002 330.4719424468578 1 0 0 0
forceCtrlZ 0.07519983999999819 0.002 328.87194244685776 1 0 0 0
forceCtrlZ 0.07519983999999819 0.002 327.27194244685774 1 0 0 0
forceCtrlZ 0.07519983999999819 0.002 325.6719424468577 1 0 0 0
forceCtrlZ 0.07519983999999819 0.002 324.0719424468577 1 0 0 0
forceCtrlZ 0.07519983999999819 0.002 322.47194244685767 1 0 0 0
forceCtrlZ 0.07519983999999819 0.002 320.87194244685764 1 0 0 0
forceCtrlZ 0.07519983999999819 0.002 319.2719424468576 1 0 0 0
forceCtrlZ 0.07519983999999819 0.002 317.6719424468576 1 0 0 0
forceCtrlZ 0.07519983999999819 0.002 316.0719424468576 1 0 0 0
forceCtrlZ 0.07519983999999819 0.002 314.47194244685755 1 0 0 0
forceCtrlZ 0.07519983999999819 0.002 312.87194244685753 1 0 0 0
forceCtrlZ 0.07519983999999819 0.002 311.2719424468575 1 0 0 0
forceCtrlZ 0.07519983999999819 0.002 309.6719424468575 1 0 0 0
forceCtrlZ 0.07519983999999819 0.002 308.07194244685746 1 0 0 0
forceCtrlZ 0.07519983999999819 0.002 306.47194244685744 1 0 0 0
forceCtrlZ 0.07519983999999819 0.002 304.8719424468574 1 0 0 0
forceCtrlZ 0.07519983999999819 0.002 303.2719424468574 1 0 0 0
forceCtrlZ 0.07519983999999819 0.002 301.6719424468574 1 0 0 0
forceCtrlZ 0.07519983999999819 0.002 300.07194244685735 1 0 0 0
forceCtrlZ 0.07519983999999819 0.002 298.4719424468573 1 0 0 0
forceCtrlZ 0.07519983999999819 0.002 296.8719424468573 1 0 0 0
forceCtrlZ 0.07519983999999819 0.002 295.2719424468573 1 0 0 0
forceCtrlZ 0.07519983999999819 0.002 293.67194244685726 1 0 0 0
forceCtrlZ 0.07519983999999819 0.002 292.07194244685724 1 0 0 0
forceCtrlZ 0.07519983999999819 0.002 290.4719424468572 1 0 0 0
forceCtrlZ 0.07519983999999819 0.002 288.8719424468572 1 0 0 0
forceCtrlZ 0.07519983999999819 0.002 287.27194244685717 1 0 0 0
forceCtrlZ 0.07519983999999819 0.002 285.67194244685714 1 0 0 0
forceCtrlZ 0.07519983999999819 0.002 284.0719424468571 1 0 0 0
forceCtrlZ 0.07519983999999819 0.002 282.4719424468571 1 0 0 0
forceCtrlZ 0.07519983999999819 0.002 280.8719424468571 1 0 0 0
forceCtrlZ 0.07519983999999819 0.002 279.27194244685705 1 0 0 0
forceCtrlZ 0.07519983999999819 0.002 277.67194244685703 1 0 0 0
forceCtrlZ 0.07519983999999819 0.002 276.071942446857 1 0 0 0
forceCtrlZ 0.07519983999999819 0.002 274.471942446857 1 0 0 0
forceCtrlZ 0.07519983999999819 0.002 272.87194244685696 1 0 0 0
forceCtrlZ 0.07519983999999819 0.002 271.27194244685694 1 0 0 0
forceCtrlZ 0.07519983999999819 0.002 269.6719424468569 1 0 0 0
forceCtrlZ 0.07519983999999819 0.002 268.0719424468569 1 0 0 0
forceCtrlZ 0.07519983999999819 0.002 266.4719424468569 1 0 0 0
forceCtrlZ 0.07519983999999819 0.002 264.87194244685685 1 0 0 0
forceCtrlZ 0.07519983999999819 0.002 263.2719424468568 1 0 0 0
forceCtrlZ 0.07519983999999819 0.002 261.6719424468568 1 0 0 0
forceCtrlZ 0.07519983999999819 0.002 260.0719424468568 1 0 0 0
forceCtrlZ 0.07519983999999819 0.002 258.47194244685676 1 0 0 0
forceCtrlZ 0.07519983999999819 0.002 256.87194244685674 1 0 0 0
forceCtrlZ 0.07519983999999819 0.002 255.27194244685674 1 0 0 0
forceCtrlZ 0.07519983999999819 0.002 253.67194244685675 1 0 0 0
forceCtrlZ 0.07519983999999819 0.002 252.07194244685675 1 0 0 0
forceCtrlZ 0.07519983999999819 0.002 250.47194244685676 1 0 0 0
forceCtrlZ 0.07519983999999819 0.002 248.87194244685676 1 0 0 0
forceCtrlZ 0.07519983999999819 0.002 247.27194244685677 1 0 0 0
forceCtrlZ 0.07519983999999819 0.002 245.67194244685678 1 0 0 0
forceCtrlZ 0.07519983999999819 0.002 244.07194244685678 1 0 0 0
forceCtrlZ 0.07519983999999819 0.002 242.4719424468568 1 0 0 0
forceCtrlZ 0.07519983999999819 0.002 240.8719424468568 1 0 0 0
forceCtrlZ 0.07519983999999819 0.002 239.2719424468568 1 0 0 0
forceCtrlZ 0.07519983999999819 0.002 237.6719424468568 1 0 0 0
forceCtrlZ 0.07519983999999819 0.002 236.0719424468568 1 0 0 0
forceCtrlZ 0.07519983999999819 0.002 234.47194244685681 1 0 0 0
forceCtrlZ 0.07519983999999819 0.002 232.87194244685682 1 0 0 0
forceCtrlZ 0.07519983999999819 0.002 231.27194244685683 1 0 0 0
forceCtrlZ 0.07519983999999819 0.002 229.67194244685683 1 0 0 0
forceCtrlZ 0.07519983999999819 0.002 228.07194244685684 1 0 0 0
forceCtrlZ 0.07519983999999819 0.002 226.47194244685684 1 0 0 0
forceCtrlZ 0.07519983999999819 0.002 224.87194244685685 1 0 0 0
forceCtrlZ 0.07519983999999819 0.002 223.27194244685685 1 0 0 0
forceCtrlZ 0.07519983999999819 0.002 221.67194244685686 1 0 0 0
forceCtrlZ 0.07519983999999819 0.002 220.07194244685687 1 0 0 0
forceCtrlZ 0.07519983999999819 0.002 218.47194244685687 1 0 0 0
forceCtrlZ 0.07519983999999819 0.002 216.87194244685688 1 0 0 0
forceCtrlZ 0.07519983999999819 0.002 215.27194244685688 1 0 0 0
forceCtrlZ 0.07519983999999819 0.002 213.6719424468569 1 0 0 0
forceCtrlZ 0.07519983999999819 0.002 212.0719424468569 1 0 0 0
forceCtrlZ 0.07519983999999819 0.002 210.4719424468569 1 0 0 0
forceCtrlZ 0.07519983999999819 0.002 208.8719424468569 1 0 0 0
forceCtrlZ 0.07519983999999819 0.002 207.2719424468569 1 0 0 0
forceCtrlZ 0.07519983999999819 0.002 205.67194244685692 1 0 0 0
forceCtrlZ 0.07519983999999819 0.002 204.07194244685692 1 0 0 0
forceCtrlZ 0.07519983999999819 0.002 202.47194244685693 1 0 0 0
forceCtrlZ 0.07519983999999819 0.002 200.87194244685693 1 0 0 0
forceCtrlZ 0.07519983999999819 0.002 199.27194244685694 1 0 0 0
forceCtrlZ 0.07519983999999819 0.002 197.67194244685695 1 0 0 0
forceCtrlZ 0.07519983999999819 0.002 196.07194244685695 1 0 0 0
forceCtrlZ 0.07519983999999819 0.002 194.47194244685696 1 0 0 0
forceCtrlZ 0.07519983999999819 0.002 192.87194244685696 1 0 0 0
forceCtrlZ 0.07519983999999819 0.002 191.27194244685697 1 0 0 0
forceCtrlZ 0.07519983999999819 0.002 189.67194244685697 1 0 0 0
forceCtrlZ 0.07519983999999819 0.002 188.07194244685698 1 0 0 0
forceCtrlZ 0.07519983999999819 0.002 186.47194244685699 1 0 0 0
forceCtrlZ 0.07519983999999819 0.002 184.871942446857 1 0 0 0
forceCtrlZ 0.07519983999999819 0.002 183.271942446857 1 0 0 0
forceCtrlZ 0.07519983999999819 0.002 181.671942446857 1 0 0 0
forceCtrlZ 0.07519983999999819 0.002 180.071942446857 1 0 0 0
forceCtrlZ 0.07519983999999819 0.002 178.471942446857 1 0 0 0
forceCtrlZ 0.07519983999999819 0.002 176.87194244685702 1 0 0 0
forceCtrlZ 0.07519983999999819 0.002 175.27194244685703 1 0 0 0
forceCtrlZ 0.07519983999999819 0.002 173.67194244685703 1 0 0 0
forceCtrlZ 0.07519983999999819 0.002 172.07194244685704 1 0 0 0
forceCtrlZ 0.07519983999999819 0.002 170.47194244685704 1 0 0 0
forceCtrlZ 0.07519983999999819 0.002 168.87194244685705 1 0 0 0
forceCtrlZ 0.07519983999999819 0.002 167.27194244685705 1 0 0 0
forceCtrlZ 0.07519983999999819 0.002 165.67194244685706 1 0 0 0
forceCtrlZ 0.07519983999999819 0.002 164.07194244685707 1 0 0 0
forceCtrlZ 0.07519983999999819 0.002 162.47194244685707 1 0 0 0
forceCtrlZ 0.07519983999999819 0.002 160.87194244685708 1 0 0 0
forceCtrlZ 0.07519983999999819 0.002 159.27194244685708 1 0 0 0
forceCtrlZ 0.07519983999999819 0.002 157.6719424468571 1 0 0 0
forceCtrlZ 0.07519983999999819 0.002 156.0719424468571 1 0 0 0
forceCtrlZ 0.07519983999999819 0.002 154.4719424468571 1 0 0 0
forceCtrlZ 0.07519983999999819 0.002 152.8719424468571 1 0 0 0
forceCtrlZ 0.07519983999999819 0.002 151.2719424468571 1 0 0 0
forceCtrlZ 0.07519983999999819 0.002 149.67194244685712 1 0 0 0
forceCtrlZ 0.07519983999999819 0.002 148.07194244685712 1 0 0 0
forceCtrlZ 0.07519983999999819 0.002 146.47194244685713 1 0 0 0
forceCtrlZ 0.07519983999999819 0.002 144.87194244685713 1 0 0 0
forceCtrlZ 0.07519983999999819 0.002 143.27194244685714 1 0 0 0
forceCtrlZ 0.07519983999999819 0.002 141.67194244685714 1 0 0 0
forceCtrlZ 0.07519983999999819 0.002 140.07194244685715 1 0 0 0
forceCtrlZ 0.07519983999999819 0.002 138.47194244685716 1 0 0 0
forceCtrlZ 0.07519983999999819 0.002 136.87194244685716 1 0 0 0
forceCtrlZ 0.07519983999999819 0.002 135.27194244685717 1 0 0 0
forceCtrlZ 0.07519983999999819 0.002 133.67194244685717 1 0 0 0
forceCtrlZ 0.07519983999999819 0.002 132.07194244685718 1 0 0 0
forceCtrlZ 0.07519983999999819 0.002 130.47194244685718 1 0 0 0
forceCtrlZ 0.07519983999999819 0.002 128.8719424468572 1 0 0 0
forceCtrlZ 0.07519983999999819 0.002 127.2719424468572 1 0 0 0
forceCtrlZ 0.07519983999999819 0.002 125.6719424468572 1 0 0 0
forceCtrlZ 0.07519983999999819 0.002 124.07194244685721 1 0 0 0
forceCtrlZ 0.07519983999999819 0.002 122.47194244685721 1 0 0 0
forceCtrlZ 0.07519983999999819 0.002 120.87194244685722 1 0 0 0
forceCtrlZ 0.07519983999999819 0.002 119.27194244685722 1 0 0 0
forceCtrlZ 0.07519983999999819 0.002 117.67194244685723 1 0 0 0
forceCtrlZ 0.07519983999999819 0.002 116.07194244685724 1 0 0 0
forceCtrlZ 0.07519983999999819 0.002 114.47194244685724 1 0 0 0
forceCtrlZ 0.07519983999999819 0.002 112.87194244685725 1 0 0 0
forceCtrlZ 0.07519983999999819 0.002 111.27194244685725 1 0 0 0
forceCtrlZ 0.07519983999999819 0.002 109.67194244685726 1 0 0 0
forceCtrlZ 0.07519983999999819 0.002 108.07194244685726 1 0 0 0
forceCtrlZ 0.07519983999999819 0.002 106.47194244685727 1 0 0 0
forceCtrlZ 0.07519983999999819 0.002 104.87194244685728 1 0 0 0
forceCtrlZ 0.07519983999999819 0.002 103.27194244685728 1 0 0 0
forceCtrlZ 0.07519983999999819 0.002 101.67194244685729 1 0 0 0
forceCtrlZ 0.07519983999999819 0.002 100.07194244685729 1 0 0 0
forceCtrlZ 0.07519983999999819 0.002 98.4719424468573 1 0 0 0
forceCtrlZ 0.07519983999999819 0.002 96.8719424468573 1 0 0 0
forceCtrlZ 0.07519983999999819 0.002 95.27194244685731 1 0 0 0
forceCtrlZ 0.07519983999999819 0.002 93.67194244685732 1 0 0 0
forceCtrlZ 0.07519983999999819 0.002 92.07194244685732 1 0 0 0
forceCtrlZ 0.07519983999999819 0.002 90.47194244685733 1 0 0 0
forceCtrlZ 0.07519983999999819 0.002 88.87194244685733 1 0 0 0
forceCtrlZ 0.07519983999999819 0.002 87.27194244685734 1 0 0 0
forceCtrlZ 0.07519983999999819 0.002 85.67194244685734 1 0 0 0
forceCtrlZ 0.07519983999999819 0.002 84.07194244685735 1 0 0 0
forceCtrlZ 0.07519983999999819 0.002 82.47194244685735 1 0 0 0
forceCtrlZ 0.07519983999999819 0.002 80.87194244685736 1 0 0 0
forceCtrlZ 0.07519983999999819 0.002 79.27194244685737 1 0 0 0
forceCtrlZ 0.07519983999999819 0.002 77.67194244685737 1 0 0 0
forceCtrlZ 0.07519983999999819 0.002 76.07194244685738 1 0 0 0
forceCtrlZ 0.07519983999999819 0.002 74.47194244685738 1 0 0 0
forceCtrlZ 0.07519983999999819 0.002 72.87194244685739 1 0 0 0
forceCtrlZ 0.07519983999999819 0.002 71.2719424468574 1 0 0 0
forceCtrlZ 0.07519983999999819 0.002 69.6719424468574 1 0 0 0
forceCtrlZ 0.07519983999999819 0.002 68.0719424468574 1 0 0 0
forceCtrlZ 0.07519983999999819 0.002 66.47194244685741 1 0 0 0
forceCtrlZ 0.07519983999999819 0.002 64.87194244685742 1 0 0 0
forceCtrlZ 0.07519983999999819 0.002 63.271942446857416 1 0 0 0
forceCtrlZ 0.07519983999999819 0.002 61.671942446857415 1 0 0 0
forceCtrlZ 0.07519983999999819 0.002 60.07194244685741 1 0 0 0
forceCtrlZ 0.07519983999999819 0.002 58.47194244685741 1 0 0 0
forceCtrlZ 0.07519983999999819 0.002 56.87194244685741 1 0 0 0
forceCtrlZ 0.07519983999999819 0.002 55.27194244685741 1 0 0 0
forceCtrlZ 0.07519983999999819 0.002 53.67194244685741 1 0 0 0
forceCtrlZ 0.07519983999999819 0.002 52.071942446857406 1 0 0 0
forceCtrlZ 0.07519983999999819 0.002 50.471942446857405 1 0 0 0
forceCtrlZ 0.07519983999999819 0.002 48.8719424468574 1 0 0 0
forceCtrlZ 0.07519983999999819 0.002 47.2719424468574 1 0 0 0
forceCtrlZ 0.07519983999999819 0.002 45.6719424468574 1 0 0 0
forceCtrlZ 0.07519983999999819 0.002 44.0719424468574 1 0 0 0
forceCtrlZ 0.07519983999999819 0.002 42.4719424468574 1 0 0 0
forceCtrlZ 0.07519983999999819 0.002 40.871942446857396 1 0 0 0
forceCtrlZ 0.07519983999999819 0.002 39.271942446857395 1 0 0 0
forceCtrlZ 0.07519983999999819 0.002 37.67194244685739 1 0 0 0
forceCtrlZ 0.07519983999999819 0.002 36.07194244685739 1 0 0 0
forceCtrlZ 0.07519983999999819 0.002 34.47194244685739 1 0 0 0
forceCtrlZ 0.07519983999999819 0.002 32.87194244685739 1 0 0 0
forceCtrlZ 0.07519983999999819 0.002 31.271942446857388 1 0 0 0
forceCtrlZ 0.07519983999999819 0.002 29.671942446857386 1 0 0 0
forceCtrlZ 0.07519983999999819 0.002 28.071942446857385 1 0 0 0
forceCtrlZ 0.07519983999999819 0.002 26.471942446857383 1 0 0 0
forceCtrlZ 0.07519983999999819 0.002 24.871942446857382 1 0 0 0
forceCtrlZ 0.07519983999999819 0.002 23.27194244685738 1 0 0 0
forceCtrlZ 0.07519983999999819 0.002 21.67194244685738 1 0 0 0
forceCtrlZ 0.07519983999999819 0.002 20.071942446857378 1 0 0 0
forceCtrlZ 0.07519983999999819 0.002 18.471942446857376 1 0 0 0
forceCtrlZ 0.07519983999999819 0.002 16.871942446857375 1 0 0 0
forceCtrlZ 0.07519983999999819 0.002 15.271942446857375 1 0 0 0
forceCtrlZ 0.07519983999999819 0.002 13.671942446857376 1 0 0 0
forceCtrlZ 0.07519983999999819 0.002 12.071942446857376 1 0 0 0
forceCtrlZ 0.07519983999999819 0.002 10.471942446857376 1 0 0 0
forceCtrlZ 0.07519983999999819 0.002 8.871942446857377 1 0 0 0
forceCtrlZ 0.07519983999999819 0.002 7.271942446857377 1 0 0 0
forceCtrlZ 0.07519983999999819 0.002 5.671942446857377 1 0 0 0
forceCtrlZ 0.07519983999999819 0.002 4.071942446857378 1 0 0 0
forceCtrlZ 0.07519983999999819 0.002 2.4719424468573776 1 0 0 0
forceCtrlZ 0.07519983999999819 0.002 0.8719424468573775 1 0 0 0
forceCtrlZ 0.07519983999999819 0.002 0.0 1 0 0 0
unloadZ 0.005